Carvins Cove       (dx=10 m),   imx =   67,jmx =   43,ncols =  67
HV       V   V   V   V   V   V   V   V   V   V   V   V   V   V   V   V   V   V   V   V   V   V   V   V   V   V   V   V   V   V   V   V   V   V   V   V   V   V   V   V   V   V   V   V   V   V   V   V   V   V   V   V   V   V   V   V   V   V   V   V   V   V   V   V   V   V   V
         2    3    4    5    6    7    8    9   10   11   12   13   14   15   16   17   18   19   20   21   22   23   24   25   26   27   28   29   30   31   32   33   34   35   36   37   38   39   40   41   42   43   44   45   46   47   48   49   50   51   52   53   54   55   56   57   58   59   60   61   62   63   64   65   66   67   68

   43  -99  -99  -99  -99  -99  -99  -99  -99  -99  -99  -99  -99  -99  -99  -99  -99  -99  -99  -99  -99  -99  -99  -99  -99  -99  -99  -99  -99  -99  -99  -99  -99  -99  -99  -99  -99  -99  -99  -99  -99  -99  -99  -99  -99  -99  -99  -99  -99  -99  -99  -99  -99  -99  -99  -99  -99  -99  -99  -99  -99   12    7  -99  -99  -99  -99  -99 
   42  -99  -99  -99  -99  -99  -99  -99  -99  -99  -99  -99  -99  -99  -99  -99  -99  -99  -99  -99  -99  -99  -99  -99  -99  -99  -99  -99  -99  -99  -99  -99  -99  -99  -99  -99  -99  -99  -99  -99  -99  -99  -99  -99  -99  -99  -99  -99  -99  -99  -99  -99  -99  -99  -99  -99  -99  -99    1    1   21   40   40   20  -99  -99  -99  -99 
   41  -99  -99  -99  -99  -99  -99  -99  -99  -99  -99  -99  -99  -99  -99  -99  -99  -99  -99  -99  -99  -99  -99  -99  -99  -99  -99  -99  -99  -99  -99  -99  -99  -99  -99  -99  -99  -99  -99  -99  -99  -99  -99  -99  -99  -99  -99  -99  -99  -99  -99  -99  -99  -99  -99  -99    1    1    1    1   32   60   72   58   29    7  -99  -99 
   40  -99  -99  -99  -99  -99  -99  -99  -99  -99  -99  -99  -99  -99  -99  -99  -99  -99  -99  -99  -99  -99  -99  -99  -99  -99  -99  -99  -99  -99  -99  -99  -99  -99  -99  -99  -99  -99  -99  -99  -99  -99  -99  -99  -99  -99  -99  -99  -99  -99  -99  -99  -99  -99    1    1    1    1    1    5   49   81   88   84   63   35    9  -99 
   39  -99  -99  -99  -99  -99  -99  -99  -99  -99  -99  -99  -99  -99  -99  -99  -99  -99  -99  -99  -99  -99  -99  -99  -99  -99  -99  -99  -99  -99  -99  -99  -99  -99  -99  -99  -99  -99  -99  -99  -99  -99  -99  -99  -99  -99  -99  -99  -99  -99  -99  -99    1    1    1    1    1    1    1   11   43   76   94   94   84   70   40  -99 
   38  -99  -99  -99  -99  -99  -99  -99  -99  -99  -99  -99  -99  -99  -99  -99  -99  -99  -99  -99  -99  -99  -99  -99  -99  -99  -99  -99  -99  -99  -99  -99  -99  -99  -99  -99  -99  -99  -99  -99  -99  -99  -99  -99  -99  -99  -99  -99  -99  -99    1    1    1    1    1    1    1    1    7   26   57   81   94   96   89   80   43   12 
   37  -99  -99  -99  -99  -99  -99  -99  -99  -99  -99  -99  -99  -99  -99  -99  -99  -99  -99  -99  -99  -99  -99  -99  -99  -99  -99  -99  -99  -99  -99  -99  -99  -99  -99  -99  -99  -99  -99  -99  -99  -99  -99  -99  -99  -99  -99  -99    1   12   21   24   19    7    6    7   10   15   29   41   70   87   96   96   88   81   62   21 
   36  -99  -99  -99  -99  -99  -99  -99  -99  -99  -99  -99  -99  -99  -99  -99  -99  -99  -99  -99  -99  -99  -99  -99  -99  -99  -99  -99  -99  -99  -99  -99  -99  -99  -99  -99  -99  -99  -99  -99  -99  -99  -99  -99  -99  -99    1    1    1    7   21   39   40   41   41   44   47   52   58   62   69   89   96   94   87   81   81   45 
   35  -99  -99  -99  -99  -99  -99  -99  -99  -99  -99  -99  -99  -99  -99  -99  -99  -99  -99  -99  -99  -99  -99  -99  -99  -99  -99  -99  -99  -99  -99  -99  -99  -99  -99  -99  -99  -99  -99  -99  -99  -99  -99  -99  -99    1    1    1    1    1    1   16   39   41   41   49   60   71   81   81   81   89   96   94   85   66   55   40 
   34  -99  -99  -99  -99  -99  -99  -99  -99  -99  -99  -99  -99  -99  -99  -99  -99  -99  -99  -99  -99  -99  -99  -99  -99  -99  -99  -99  -99  -99  -99  -99  -99  -99  -99  -99  -99  -99  -99  -99  -99  -99  -99    1    1    1    1    1    1    1    1    1   10   28   42   50   61   70   79   81   82   89   92   90   83   58   22    1 
   33  -99  -99  -99  -99  -99  -99  -99  -99  -99  -99  -99  -99  -99  -99  -99  -99  -99  -99  -99  -99  -99  -99  -99  -99  -99  -99  -99  -99  -99  -99  -99  -99  -99  -99  -99  -99  -99  -99  -99  -99    1    1    1    1    1    1    1    1    1    1    1    1    3   24   45   62   68   74   77   81   85   84   83   70   33    1    1 
   32  -99  -99  -99  -99  -99  -99  -99  -99  -99  -99  -99  -99  -99  -99  -99  -99  -99  -99  -99  -99  -99  -99  -99  -99  -99  -99  -99  -99  -99  -99  -99  -99  -99  -99  -99  -99  -99  -99  -99    1    1    1    1    1    1    1    1    1    1    1    1    1    1   10   43   61   64   67   71   81   81   81   81   77   22    1    1 
   31  -99  -99  -99  -99  -99  -99  -99  -99  -99  -99  -99  -99  -99  -99  -99  -99  -99  -99  -99  -99  -99  -99  -99  -99  -99  -99  -99  -99  -99  -99  -99  -99  -99  -99  -99  -99  -99    1    1    1    1    1    1    1    1    1    1    1    1    1    1    1    1    1   28   42   54   59   67   81   81   81   81   63   15    1    1 
   30  -99  -99  -99  -99  -99  -99  -99  -99  -99  -99  -99  -99  -99  -99  -99  -99  -99  -99  -99  -99  -99  -99  -99  -99  -99  -99  -99  -99  -99  -99  -99  -99  -99  -99  -99    1    1    1    1    1    1    1    1    1    1    1    1    1    1    1    1    1    1    1   15   32   41   48   59   65   81   81   81   64    7    1    1 
   29  -99  -99  -99  -99  -99  -99  -99  -99  -99  -99  -99  -99  -99  -99  -99  -99  -99  -99  -99  -99  -99  -99  -99  -99  -99  -99  -99  -99  -99  -99  -99  -99  -99  -99    1    1    1    1    1    1    1    1    1    1    1    1    1    1    1    1    1    1    1    1   16   30   40   45   58   79   81   81   81   47    7    1    1 
   28  -99  -99  -99  -99  -99  -99  -99  -99  -99  -99  -99  -99  -99  -99  -99  -99  -99  -99  -99  -99  -99  -99  -99  -99  -99  -99  -99  -99  -99  -99  -99  -99    1    1    1    1    1    1    1    1    1    1    1    1    1    1    1    1    1    1    1    1    1    1   11   24   34   49   61   73   81   81   81   70   10    1    1 
   27  -99  -99  -99  -99  -99  -99  -99  -99  -99  -99  -99  -99  -99  -99  -99  -99  -99  -99  -99  -99  -99  -99  -99  -99  -99  -99  -99  -99  -99  -99  -99    1    1    1    1    1    1    1    1    1    1    1    1    1    1    1    1    1    1    1    1    1    1    1    1   13   43   61   73   81   81   80   70   47   12    1    1 
   26  -99  -99  -99  -99  -99  -99  -99  -99  -99  -99  -99  -99  -99  -99  -99  -99  -99  -99  -99  -99  -99  -99  -99  -99  -99  -99  -99  -99  -99    1    1    1    1    1    1    1    1    1    1    1    1    1    1    1    1    1    1    1    1    1    1    1    1    1    1    1   31   62   73   80   77   72   63   42   16    1  -99 
   25  -99  -99  -99  -99  -99  -99  -99  -99  -99  -99  -99  -99  -99  -99  -99  -99  -99  -99  -99  -99  -99  -99  -99  -99  -99  -99  -99    1    1    1    1    1    1    1    1    1    1    1    1    1    1    1    1    1    1    1    1    1    1    1    1    1    1    1    1    2   34   61   66   71   68   64   59   46   26    1  -99 
   24  -99  -99  -99  -99  -99  -99  -99  -99  -99  -99  -99  -99  -99  -99  -99  -99  -99  -99  -99  -99  -99  -99  -99  -99  -99  -99    1    1    1    1    1    1    1    1    1    1    1    1    1    1    1    1    1    1    1    1    1    1    1    1    1    1    1    1    1   24   50   61   61   62   58   55   53   42   41   12  -99 
   23  -99  -99  -99  -99  -99  -99  -99  -99  -99  -99  -99  -99  -99  -99  -99  -99  -99  -99  -99  -99  -99  -99  -99  -99    1    1    1    1    1    1    1    1    1    1    1    1    1    1    1    1    1    1    1    1    1    1    1    1    1    1    1    1    1    7   25   46   61   61   61   57   48   41   38   35   28   14  -99 
   22  -99  -99  -99  -99  -99  -99  -99  -99  -99  -99  -99  -99  -99  -99  -99  -99  -99  -99  -99  -99  -99  -99    1    1    1    1    1    1    1    1    1    1    1    1    1    1    1    1    1    1    1    1    1    1    1    1    1    1    1    1    1    5   21   31   52   61   61   61   61   54   43   32   23   18    8  -99  -99 
   21  -99  -99  -99  -99  -99  -99  -99  -99  -99  -99  -99  -99  -99  -99  -99  -99  -99  -99  -99  -99  -99    1    1    1    1    1    1    1    1    1    1    1    1    1    1    1    1    1    1    1    1    1    1    1    1    1    1    1    1    3   15   39   55   51   61   61   61   61   55   46   36   26    7    1    1  -99  -99 
   20  -99  -99  -99  -99  -99  -99  -99  -99  -99  -99  -99  -99  -99  -99  -99  -99  -99  -99  -99    1    1    1    1    1    1    1    1    1    1    1    1    1    1    1    1    1    1    1    1    1    1    1    1    1    1    1    1    1   15   26   39   57   61   61   61   61   61   61   50   38   27   11    1    1  -99  -99  -99 
   19  -99  -99  -99  -99  -99  -99  -99  -99  -99  -99  -99  -99  -99  -99  -99  -99  -99  -99    1    1    1    1    1    1    1    1    1    1    1    1    1    1    1    1    1    1    1    1    1    1    1    1    1    1    1    3   11   20   35   54   54   61   61   61   60   61   61   60   49   35   23    1    1  -99  -99  -99  -99 
   18  -99  -99  -99  -99  -99  -99  -99  -99  -99  -99  -99  -99  -99  -99  -99  -99    1    1    1    1    1    1    1    1    1    1    1    1    1    1    1    1    1    1    1    1    1    1    1    1    1    1    1    8   16   31   34   37   48   61   61   61   61   57   50   50   55   50   43   35   15    1  -99  -99  -99  -99  -99 
   17  -99  -99  -99  -99  -99  -99  -99  -99  -99  -99  -99  -99  -99  -99    1    1    1    1    1    1    1    1    1    1    1    1    1    1    2    5    5    1    1    1    1    1    1    1    1    4    9   14   29   37   41   41   41   41   47   58   61   59   59   54   43   35   40   35   32   31    6  -99  -99  -99  -99  -99  -99 
   16  -99  -99  -99  -99  -99  -99  -99  -99  -99  -99  -99  -99  -99    1    1    1    1    1    1    1    1    1    1    1    1    2    5   10   12   18   25   32   20   28   23   10    8    3    4   13   19   27   41   41   41   41   41   41   42   52   52   50   48   45   32   15    9    6    5    4  -99  -99  -99  -99  -99  -99  -99 
   15  -99  -99  -99  -99  -99  -99  -99  -99  -99  -99  -99    1    1    1    1    1    1    1    1    1    2    4    6   11   14   20   24   23   24   27   36   41   41   41   38   21   18    8    8   16   26   35   41   41   41   41   41   41   41   44   44   42   32   28   13    1    1  -99  -99  -99  -99  -99  -99  -99  -99  -99  -99 
   14  -99  -99  -99  -99  -99  -99  -99  -99  -99    1    1    1    1    1    1    1    1    1    1    4    4    5   15   16   25   31   41   36   37   38   41   41   41   41   41   32   23   14   11   19   29   38   41   41   41   41   41   41   39   29   28   26    9    1    1  -99  -99  -99  -99  -99  -99  -99  -99  -99  -99  -99  -99 
   13  -99  -99  -99  -99  -99  -99  -99  -99    1    1    1    1    1    1    1    1    1    1    1    4    7    7   12   22   27   36   41   41   41   41   41   41   41   41   41   38   29   19   15   22   32   37   41   41   41   41   41   41   25   11    6    2  -99  -99  -99  -99  -99  -99  -99  -99  -99  -99  -99  -99  -99  -99  -99 
   12  -99  -99  -99  -99  -99  -99    1    1    1    1    1    1    1    1    1    1    1    1    1    3    7   10   10   18   29   37   41   41   41   41   41   41   41   41   41   40   32   25   18   25   29   31   32   38   35   25   20   14    3  -99  -99  -99  -99  -99  -99  -99  -99  -99  -99  -99  -99  -99  -99  -99  -99  -99  -99 
   11  -99  -99  -99  -99    1    1    1    1    1    1    1    1    1    1    1    1    1    1    1    1    5   10   12   15   25   35   41   41   41   41   39   41   41   41   41   38   29   23   19   21   22   23   20   21   19    8    1  -99  -99  -99  -99  -99  -99  -99  -99  -99  -99  -99  -99  -99  -99  -99  -99  -99  -99  -99  -99 
   10  -99  -99  -99    1    1    1    1    1    1    1    1    1    1    1    1    1    1    1    1    1    4    8   13   15   22   32   41   41   41   35   32   35   37   40   41   34   23   15   10   10   13   11    3    1  -99  -99  -99  -99  -99  -99  -99  -99  -99  -99  -99  -99  -99  -99  -99  -99  -99  -99  -99  -99  -99  -99  -99 
    9  -99    1    1    1    1    1    1    1    1    1    1    1    1    1    1    1    1    1    1    1    3    7   11   15   18   28   37   41   38   29   26   29   30   30   30   25   13    5    1    1    1  -99  -99  -99  -99  -99  -99  -99  -99  -99  -99  -99  -99  -99  -99  -99  -99  -99  -99  -99  -99  -99  -99  -99  -99  -99  -99 
    8  -99    1    1    1    1    1    1    1    1    1    1    1    1    1    1    1    1    1    1    1    2    6   10   14   18   22   30   36   34   26   21   22   22   20   13    7    1    1  -99  -99  -99  -99  -99  -99  -99  -99  -99  -99  -99  -99  -99  -99  -99  -99  -99  -99  -99  -99  -99  -99  -99  -99  -99  -99  -99  -99  -99 
    7  -99    1    1    1    1    1    1    1    1    1    1    1    1    1    1    1    1    1    1    1    1    5    9   13   17   21   20   24   25   19   14   11   10    3    1  -99  -99  -99  -99  -99  -99  -99  -99  -99  -99  -99  -99  -99  -99  -99  -99  -99  -99  -99  -99  -99  -99  -99  -99  -99  -99  -99  -99  -99  -99  -99  -99 
    6  -99    1    1    1    1    1    1    1    1    1    1    1    1    1    1    1    1    1    1    1    1    4    8    9   18    8    3   11   14    9    4    1  -99  -99  -99  -99  -99  -99  -99  -99  -99  -99  -99  -99  -99  -99  -99  -99  -99  -99  -99  -99  -99  -99  -99  -99  -99  -99  -99  -99  -99  -99  -99  -99  -99  -99  -99 
    5  -99    1    1    1    1    1    1    1    1    1    1    1    1    1    1    1    1    1    1    1    1    2    4    4    1    1    1    1    2  -99  -99  -99  -99  -99  -99  -99  -99  -99  -99  -99  -99  -99  -99  -99  -99  -99  -99  -99  -99  -99  -99  -99  -99  -99  -99  -99  -99  -99  -99  -99  -99  -99  -99  -99  -99  -99  -99 
    4  -99    1    1    1    1    1    1    1    1    1    1    1    1    1    1    1    1    1    1    1    1    1    1    1  -99  -99  -99  -99  -99  -99  -99  -99  -99  -99  -99  -99  -99  -99  -99  -99  -99  -99  -99  -99  -99  -99  -99  -99  -99  -99  -99  -99  -99  -99  -99  -99  -99  -99  -99  -99  -99  -99  -99  -99  -99  -99  -99 
    3  -99  -99  -99  -99    1    1    1    1    1    1    1    1    1    1    1    1    1    1    1  -99  -99  -99  -99  -99  -99  -99  -99  -99  -99  -99  -99  -99  -99  -99  -99  -99  -99  -99  -99  -99  -99  -99  -99  -99  -99  -99  -99  -99  -99  -99  -99  -99  -99  -99  -99  -99  -99  -99  -99  -99  -99  -99  -99  -99  -99  -99  -99 
    2  -99  -99  -99  -99  -99  -99  -99  -99  -99  -99  -99  -99  -99  -99  -99  -99  -99  -99  -99  -99  -99  -99  -99  -99  -99  -99  -99  -99  -99  -99  -99  -99  -99  -99  -99  -99  -99  -99  -99  -99  -99  -99  -99  -99  -99  -99  -99  -99  -99  -99  -99  -99  -99  -99  -99  -99  -99  -99  -99  -99  -99  -99  -99  -99  -99  -99  -99 
