Open boundary condition file for LAB experiment of flow through a bend 
Time is in hours from day 1 in 2009 
Data - (2) Flow (m3/s); (3) Temp. (oC); 
Data taken from Ian King users manual for RMA10 
***********************************************  
   npts  =   254 
    0.0000    -0.1130     6.0000   280.0000     0.0000
    0.0000    -0.1130     6.0000   280.0000     0.0000
    0.0000    -0.1130     6.0000   280.0000     0.0000
    0.0000    -0.1130     6.0000   280.0000     0.0000
    0.0000    -0.1130     6.0000   280.0000     0.0000
    0.0000    -0.1130     6.0000   280.0000     0.0000
    0.0000    -0.1130     6.0000   280.0000     0.0000
    0.0000    -0.1130     6.0000   280.0000     0.0000
    0.0000    -0.1130     6.0000   280.0000     0.0000
    0.0000    -0.1130     6.0000   280.0000     0.0000
    0.0000    -0.1130     6.0000   280.0000     0.0000
    0.0000    -0.1130     6.0000   280.0000     0.0000
    0.0000    -0.1130     6.0000   280.0000     0.0000
    0.0000    -0.1130     6.0000   280.0000     0.0000
    0.0000    -0.1130     6.0000   280.0000     0.0000
    0.0000    -0.1130     6.0000   280.0000     0.0000
    0.0000    -0.1130     6.0000   280.0000     0.0000
    0.0000    -0.1130     6.0000   280.0000     0.0000
    0.0000    -0.1130     6.0000   280.0000     0.0000
    0.0000    -0.1130     6.0000   280.0000     0.0000
    0.0000    -0.1130     6.0000   280.0000     0.0000
    0.0000    -0.1130     6.0000   280.0000     0.0000
    0.0000    -0.1130     6.0000   280.0000     0.0000
    0.0000    -0.1130     6.0000   280.0000     0.0000
    0.0000    -0.1130     6.0000   280.0000     0.0000
    0.0000    -0.1130     6.0000   280.0000     0.0000
    0.0000    -0.1130     6.0000   280.0000     0.0000
    0.0000    -0.1130     6.0000   280.0000     0.0000
    0.0000    -0.1130     6.0000   280.0000     0.0000
    0.0000    -0.1130     6.0000   280.0000     0.0000
    0.0000    -0.1130     6.0000   280.0000     0.0000
    0.0000    -0.1130     6.0000   280.0000     0.0000
    0.0000    -0.1130     6.0000   280.0000     0.0000
    0.0000    -0.1130     6.0000   280.0000     0.0000
    0.0000    -0.1130     6.0000   280.0000     0.0000
    0.0000    -0.1130     6.0000   280.0000     0.0000
    0.0000    -0.1130     6.0000   280.0000     0.0000
    0.0000    -0.1130     6.0000   280.0000     0.0000
    0.0000    -0.1130     6.0000   280.0000     0.0000
    0.0000    -0.1130     6.0000   280.0000     0.0000
    0.0000    -0.1130     6.0000   280.0000     0.0000
    0.0000    -0.1130     6.0000   280.0000     0.0000
    0.0000    -0.1130     6.0000   280.0000     0.0000
    0.0000    -0.1130     6.0000   280.0000     0.0000
    0.0000    -0.1130     6.0000   280.0000     0.0000
    0.0000    -0.1130     6.0000   280.0000     0.0000
    0.0000    -0.1130     6.0000   280.0000     0.0000
    0.0000    -0.1130     6.0000   280.0000     0.0000
    0.0000    -0.1130     6.0000   280.0000     0.0000
    0.0000    -0.1130     6.0000   280.0000     0.0000
    0.0000    -0.1130     6.0000   280.0000     0.0000
    0.0000    -0.1130     6.0000   280.0000     0.0000
    0.0000    -0.1130     6.0000   280.0000     0.0000
    0.0000    -0.1130     6.0000   280.0000     0.0000
    0.0000    -0.1130     6.0000   280.0000     0.0000
    0.0000    -0.1130     6.0000   280.0000     0.0000
    0.0000    -0.1130     6.0000   280.0000     0.0000
    0.0000    -0.1130     6.0000   280.0000     0.0000
    0.0000    -0.1130     6.0000   280.0000     0.0000
    0.0000    -0.1130     6.0000   280.0000     0.0000
    0.0000    -0.1130     6.0000   280.0000     0.0000
    0.0000    -0.1130     6.0000   280.0000     0.0000
    0.0000    -0.1130     6.0000   280.0000     0.0000
    0.0000    -0.1130     6.0000   280.0000     0.0000
    0.0000    -0.1130     6.0000   280.0000     0.0000
    0.0000    -0.1130     6.0000   280.0000     0.0000
    0.0000    -0.1130     6.0000   280.0000     0.0000
    0.0000    -0.1130     6.0000   280.0000     0.0000
    0.0000    -0.1130     6.0000   280.0000     0.0000
    0.0000    -0.1130     6.0000   280.0000     0.0000
    0.0000    -0.1130     6.0000   280.0000     0.0000
    0.0000    -0.1130     6.0000   280.0000     0.0000
    0.0000    -0.1130     6.0000   280.0000     0.0000
    0.0000    -0.1130     6.0000   280.0000     0.0000
    0.0000    -0.1130     6.0000   280.0000     0.0000
    0.0000    -0.1130     6.0000   280.0000     0.0000
    0.0000    -0.1130     6.0000   280.0000     0.0000
    0.0000    -0.1130     6.0000   280.0000     0.0000
    0.0000    -0.1130     6.0000   280.0000     0.0000
    0.0000    -0.1130     6.0000   280.0000     0.0000
    0.0000    -0.1130     6.0000   280.0000     0.0000
    0.0000    -0.1130     6.0000   280.0000     0.0000
    0.0000    -0.1130     6.0000   280.0000     0.0000
    0.0000    -0.1130     6.0000   280.0000     0.0000
    0.0000    -0.1130     6.0000   280.0000     0.0000
    0.0000    -0.1130     6.0000   280.0000     0.0000
    0.0000    -0.1130     6.0000   280.0000     0.0000
    0.0000    -0.1130     6.0000   280.0000     0.0000
    0.0000    -0.1130     6.0000   280.0000     0.0000
    0.0000    -0.1130     6.0000   280.0000     0.0000
    0.0000    -0.1130     6.0000   280.0000     0.0000
    0.0000    -0.1130     6.0000   280.0000     0.0000
    0.0000    -0.1130     6.0000   280.0000     0.0000
    0.0000    -0.1130     6.0000   280.0000     0.0000
    0.0000    -0.1130     6.0000   280.0000     0.0000
   24.0000    -0.1069     6.0000   280.0000     0.0000
   48.0000    -0.1057     6.0000   280.0000     0.0000
   72.0000    -0.1059     6.0000   280.0000     0.0000
   96.0000    -0.1056     6.0000   280.0000     0.0000
  120.0000    -0.1072     6.0000   280.0000     0.0000
  144.0000    -0.1077     6.0000   280.0000     0.0000
  168.0000    -0.1086     6.0000   280.0000     0.0000
  192.0000    -0.1091     6.0000   280.0000     0.0000
  216.0000    -0.1097     6.0000   280.0000     0.0000
  240.0000    -0.1081     6.0000   280.0000     0.0000
  264.0000    -0.1078     6.0000   280.0000     0.0000
  288.0000    -0.1094     6.0000   280.0000     0.0000
  312.0000    -0.1071     6.0000   280.0000     0.0000
  336.0000    -0.1391     6.0000   280.0000     0.0000
  360.0000    -0.1411     6.0000   280.0000     0.0000
  384.0000    -0.1122     6.0000   280.0000     0.0000
  408.0000    -0.1092     6.0000   280.0000     0.0000
  432.0000    -0.1082     6.0000   280.0000     0.0000
  456.0000    -0.1078     6.0000   280.0000     0.0000
  480.0000    -0.1089     6.0000   280.0000     0.0000
  504.0000    -0.1083     6.0000   280.0000     0.0000
  528.0000    -0.1068     6.0000   280.0000     0.0000
  552.0000    -0.1063     6.0000   280.0000     0.0000
  576.0000    -0.1062     6.0000   280.0000     0.0000
  600.0000    -0.1077     6.0000   280.0000     0.0000
  624.0000    -0.1111     6.0000   280.0000     0.0000
  648.0000    -0.1125     6.0000   280.0000     0.0000
  672.0000    -0.1126     6.0000   280.0000     0.0000
  696.0000    -0.1130     6.0000   280.0000     0.0000
  720.0000    -0.1117     6.0000   280.0000     0.0000
  744.0000    -0.1103     6.0000   280.0000     0.0000
  768.0000    -0.1117     6.0000   280.0000     0.0000
  792.0000    -0.1123     6.0000   280.0000     0.0000
  816.0000    -0.1212     6.0000   280.0000     0.0000
  840.0000    -0.1207     6.0000   280.0000     0.0000
  864.0000    -0.1122     6.0000   280.0000     0.0000
  888.0000    -0.1097     6.0000   280.0000     0.0000
  912.0000    -0.1102     6.0000   280.0000     0.0000
  936.0000    -0.1100     6.0000   280.0000     0.0000
  960.0000    -0.1100     6.0000   280.0000     0.0000
  984.0000    -0.1202     6.0000   280.0000     0.0000
 1008.0000    -0.1239     6.0000   280.0000     0.0000
 1032.0000    -0.1147     6.0000   280.0000     0.0000
 1056.0000    -0.1096     6.0000   280.0000     0.0000
 1080.0000    -0.1072     6.0000   280.0000     0.0000
 1104.0000    -0.1079     6.0000   280.0000     0.0000
 1128.0000    -0.1093     6.0000   280.0000     0.0000
 1152.0000    -0.1094     6.0000   280.0000     0.0000
 1176.0000    -0.1089     6.0000   280.0000     0.0000
 1200.0000    -0.1130     6.0000   280.0000     0.0000
 1224.0000    -0.1127     6.0000   280.0000     0.0000
 1248.0000    -0.1085     6.0000   280.0000     0.0000
 1272.0000    -0.1066     6.0000   280.0000     0.0000
 1296.0000    -0.1064     6.0000   280.0000     0.0000
 1320.0000    -0.1092     6.0000   280.0000     0.0000
 1344.0000    -0.1089     6.0000   280.0000     0.0000
 1368.0000    -0.1091     6.0000   280.0000     0.0000
 1392.0000    -0.1095     6.0000   280.0000     0.0000
 1416.0000    -0.1093     6.0000   280.0000     0.0000
 1440.0000    -0.1093     6.0000   280.0000     0.0000
 1464.0000    -0.1090     6.0000   280.0000     0.0000
 1488.0000    -0.1102     6.0000   280.0000     0.0000
 1512.0000    -0.1380     6.0000   280.0000     0.0000
 1536.0000    -0.1274     6.0000   280.0000     0.0000
 1560.0000    -0.1102     6.0000   280.0000     0.0000
 1584.0000    -0.1090     6.0000   280.0000     0.0000
 1608.0000    -0.1093     6.0000   280.0000     0.0000
 1632.0000    -0.1101     6.0000   280.0000     0.0000
 1656.0000    -0.1144     6.0000   280.0000     0.0000
 1680.0000    -0.1132     6.0000   280.0000     0.0000
 1704.0000    -0.1111     6.0000   280.0000     0.0000
 1728.0000    -0.1094     6.0000   280.0000     0.0000
 1752.0000    -0.1082     6.0000   280.0000     0.0000
 1776.0000    -0.1103     6.0000   280.0000     0.0000
 1800.0000    -0.1115     6.0000   280.0000     0.0000
 1824.0000    -0.1078     6.0000   280.0000     0.0000
 1848.0000    -0.1064     6.0000   280.0000     0.0000
 1872.0000    -0.1050     6.0000   280.0000     0.0000
 1896.0000    -0.1055     6.0000   280.0000     0.0000
 1920.0000    -0.1062     6.0000   280.0000     0.0000
 1944.0000    -0.1065     6.0000   280.0000     0.0000
 1968.0000    -0.1033     6.0000   280.0000     0.0000
 1992.0000    -0.1008     6.0000   280.0000     0.0000
 2016.0000    -0.1105     6.0000   280.0000     0.0000
 2040.0000    -0.1167     6.0000   280.0000     0.0000
 2064.0000    -0.1021     6.0000   280.0000     0.0000
 2088.0000    -0.1030     6.0000   280.0000     0.0000
 2112.0000    -0.1020     6.0000   280.0000     0.0000
 2136.0000    -0.0993     6.0000   280.0000     0.0000
 2160.0000    -0.0994     6.0000   280.0000     0.0000
 2184.0000    -0.0998     6.0000   280.0000     0.0000
 2208.0000    -0.1070     6.0000   280.0000     0.0000
 2232.0000    -0.1066     6.0000   280.0000     0.0000
 2256.0000    -0.1005     6.0000   280.0000     0.0000
 2280.0000    -0.0992     6.0000   280.0000     0.0000
 2304.0000    -0.0998     6.0000   280.0000     0.0000
 2328.0000    -0.1000     6.0000   280.0000     0.0000
 2352.0000    -0.0989     6.0000   280.0000     0.0000
 2376.0000    -0.1026     6.0000   280.0000     0.0000
 2400.0000    -0.1327     6.0000   280.0000     0.0000
 2424.0000    -0.1249     6.0000   280.0000     0.0000
 2448.0000    -0.1205     6.0000   280.0000     0.0000
 2472.0000    -0.1448     6.0000   280.0000     0.0000
 2496.0000    -0.1154     6.0000   280.0000     0.0000
 2520.0000    -0.1042     6.0000   280.0000     0.0000
 2544.0000    -0.1032     6.0000   280.0000     0.0000
 2568.0000    -0.1025     6.0000   280.0000     0.0000
 2592.0000    -0.1029     6.0000   280.0000     0.0000
 2616.0000    -0.1123     6.0000   280.0000     0.0000
 2640.0000    -0.1124     6.0000   280.0000     0.0000
 2664.0000    -0.1013     6.0000   280.0000     0.0000
 2688.0000    -0.1013     6.0000   280.0000     0.0000
 2712.0000    -0.0994     6.0000   280.0000     0.0000
 2736.0000    -0.1055     6.0000   280.0000     0.0000
 2760.0000    -0.1288     6.0000   280.0000     0.0000
 2784.0000    -0.1060     6.0000   280.0000     0.0000
 2808.0000    -0.0998     6.0000   280.0000     0.0000
 2832.0000    -0.0972     6.0000   280.0000     0.0000
 2856.0000    -0.0885     6.0000   280.0000     0.0000
 2880.0000    -0.0656     6.0000   280.0000     0.0000
 2904.0000    -0.0631     6.0000   280.0000     0.0000
 2928.0000    -0.0609     6.0000   280.0000     0.0000
 2952.0000    -0.0579     6.0000   280.0000     0.0000
 2976.0000    -0.0612     6.0000   280.0000     0.0000
 3000.0000    -0.0633     6.0000   280.0000     0.0000
 3024.0000    -0.0600     6.0000   280.0000     0.0000
 3048.0000    -0.0599     6.0000   280.0000     0.0000
 3072.0000    -0.0627     6.0000   280.0000     0.0000
 3096.0000    -0.0620     6.0000   280.0000     0.0000
 3120.0000    -0.0585     6.0000   280.0000     0.0000
 3144.0000    -0.0576     6.0000   280.0000     0.0000
 3168.0000    -0.0564     6.0000   280.0000     0.0000
 3192.0000    -0.0571     6.0000   280.0000     0.0000
 3216.0000    -0.0593     6.0000   280.0000     0.0000
 3240.0000    -0.0626     6.0000   280.0000     0.0000
 3264.0000    -0.0579     6.0000   280.0000     0.0000
 3288.0000    -0.0539     6.0000   280.0000     0.0000
 3312.0000    -0.0527     6.0000   280.0000     0.0000
 3336.0000    -0.0512     6.0000   280.0000     0.0000
 3360.0000    -0.0479     6.0000   280.0000     0.0000
 3384.0000    -0.0482     6.0000   280.0000     0.0000
 3408.0000    -0.0470     6.0000   280.0000     0.0000
 3432.0000    -0.0442     6.0000   280.0000     0.0000
 3456.0000    -0.0412     6.0000   280.0000     0.0000
 3480.0000    -0.0391     6.0000   280.0000     0.0000
 3504.0000    -0.0392     6.0000   280.0000     0.0000
 3528.0000    -0.0386     6.0000   280.0000     0.0000
 3552.0000    -0.0375     6.0000   280.0000     0.0000
 3576.0000    -0.0370     6.0000   280.0000     0.0000
 3600.0000    -0.0361     6.0000   280.0000     0.0000
 3624.0000    -0.0362     6.0000   280.0000     0.0000
 3648.0000    -0.0366     6.0000   280.0000     0.0000
 3672.0000    -0.0354     6.0000   280.0000     0.0000
 3696.0000    -0.0350     6.0000   280.0000     0.0000
 3720.0000    -0.0388     6.0000   280.0000     0.0000
 3744.0000    -0.0386     6.0000   280.0000     0.0000
 3768.0000    -0.0339     6.0000   280.0000     0.0000
 3792.0000    -0.0342     6.0000   280.0000     0.0000
 3816.0000    -0.0448     6.0000   280.0000     0.0000
