Initial condition file for FCR - uniform conditions  
Field data for day 146, 2015 27May - 
Simulations starting on day 2015  05Jul - 
Depths (m) not used;  Temp (oC); DO concentration  - 
Source: Data provided by CC profile on 4/1/13 
     -0.15     5.3797   343.7631     0.0000 
     -0.15     5.3797   343.7631     0.0000 
     -0.44     5.3206   344.3866     0.0000 
     -0.72     5.3898   345.2234     0.0000 
     -1.01     5.3717   344.6572     0.0000 
     -1.29     5.3911   343.3756     0.0000 
     -1.58     5.3325   341.9231     0.0000 
     -1.87     5.3573   343.6647     0.0000 
     -2.15     5.3414   347.9753     0.0000 
     -2.44     5.3657   347.9753     0.0000 
     -2.72     5.3350   347.1525     0.0000 
     -3.01     5.3570   345.3915     0.0000 
     -3.30     5.3140   341.9400     0.0000 
     -3.58     5.3658   340.3791     0.0000 
     -3.87     5.3650   338.0866     0.0000 
     -4.15     5.3149   334.2547     0.0000 
     -4.44     5.3212   332.6950     0.0000 
     -4.73     5.3411   330.3347     0.0000 
     -5.01     5.3113   326.6203     0.0000 
     -5.30     5.3710   322.8347     0.0000 
     -5.58     5.3778   318.5613     0.0000 
     -5.87     5.3980   310.7336     0.0000 
     -6.15     5.3098   301.3038     0.0000 
     -6.44     5.3631   294.4567     0.0000 
     -6.73     5.3476   290.8404     0.0000 
     -7.01     5.3932   286.0250     0.0000 
     -7.30     5.3438   280.4410     0.0000 
     -7.58     5.3037   276.0716     0.0000 
     -7.87     5.3983   271.6710     0.0000 
     -8.16     5.3354   271.6710     0.0000 
     -8.44     5.3871   267.5297     0.0000 
     -8.73     5.3318   254.1841     0.0000 
     -9.01     5.3982   250.3325     0.0000 
     -9.30     5.3782   245.8288     0.0000 
     -9.60     5.3782   245.6640     0.0000 
     -9.90     5.3782   245.6640     0.0000
    -10.20     5.3782   245.6640     0.0000
    -10.50     5.3782   245.6640     0.0000
    -10.80     5.3782   245.6640     0.0000
    -10.80     5.3782   245.6640     0.0000
