Carvins Cove       (dx=10 m),   imx =   34,jmx =   83,ncols =  34
HV       V   V   V   V   V   V   V   V   V   V   V   V   V   V   V   V   V   V   V   V   V   V   V   V   V   V   V   V   V   V   V   V   V   V
         2    3    4    5    6    7    8    9   10   11   12   13   14   15   16   17   18   19   20   21   22   23   24   25   26   27   28   29   30   31   32   33   34   35
   84  -99  -99  -99  -99  -99  -99  -99  -99  -99  -99  -99  -99  -99  -99  -99  -99  -99  -99  -99  -99  -99  -99  -99  -99  -99  -99  -99  -99  -99  -99   12  -99  -99  -99 
   83  -99  -99  -99  -99  -99  -99  -99  -99  -99  -99  -99  -99  -99  -99  -99  -99  -99  -99  -99  -99  -99  -99  -99  -99  -99  -99  -99  -99  -99  -99   28    5  -99  -99 
   82  -99  -99  -99  -99  -99  -99  -99  -99  -99  -99  -99  -99  -99  -99  -99  -99  -99  -99  -99  -99  -99  -99  -99  -99  -99  -99  -99  -99  -99    1   40   20  -99  -99 
   81  -99  -99  -99  -99  -99  -99  -99  -99  -99  -99  -99  -99  -99  -99  -99  -99  -99  -99  -99  -99  -99  -99  -99  -99  -99  -99  -99  -99    1    1   52   38  -99  -99 
   80  -99  -99  -99  -99  -99  -99  -99  -99  -99  -99  -99  -99  -99  -99  -99  -99  -99  -99  -99  -99  -99  -99  -99  -99  -99  -99  -99  -99    1    1   60   58    7  -99 
   79  -99  -99  -99  -99  -99  -99  -99  -99  -99  -99  -99  -99  -99  -99  -99  -99  -99  -99  -99  -99  -99  -99  -99  -99  -99  -99  -99    1    1    1   70   74   19  -99 
   78  -99  -99  -99  -99  -99  -99  -99  -99  -99  -99  -99  -99  -99  -99  -99  -99  -99  -99  -99  -99  -99  -99  -99  -99  -99  -99  -99    1    1    5   81   84   35  -99 
   77  -99  -99  -99  -99  -99  -99  -99  -99  -99  -99  -99  -99  -99  -99  -99  -99  -99  -99  -99  -99  -99  -99  -99  -99  -99  -99    1    1    1    7   82   89   58  -99 
   76  -99  -99  -99  -99  -99  -99  -99  -99  -99  -99  -99  -99  -99  -99  -99  -99  -99  -99  -99  -99  -99  -99  -99  -99  -99  -99    1    1    1   11   76   94   70  -99 
   75  -99  -99  -99  -99  -99  -99  -99  -99  -99  -99  -99  -99  -99  -99  -99  -99  -99  -99  -99  -99  -99  -99  -99  -99  -99    1    1    1    1   15   75   96   76    9 
   74  -99  -99  -99  -99  -99  -99  -99  -99  -99  -99  -99  -99  -99  -99  -99  -99  -99  -99  -99  -99  -99  -99  -99  -99  -99    1    1    1    1   26   81   96   80   12 
   73  -99  -99  -99  -99  -99  -99  -99  -99  -99  -99  -99  -99  -99  -99  -99  -99  -99  -99  -99  -99  -99  -99  -99  -99    2   11    1    1    1   38   84   96   80   16 
   72  -99  -99  -99  -99  -99  -99  -99  -99  -99  -99  -99  -99  -99  -99  -99  -99  -99  -99  -99  -99  -99  -99  -99  -99   12   24    7    7   15   41   87   96   81   21 
   71  -99  -99  -99  -99  -99  -99  -99  -99  -99  -99  -99  -99  -99  -99  -99  -99  -99  -99  -99  -99  -99  -99  -99    1   14   32   28   27   34   50   92   95   81   31 
   70  -99  -99  -99  -99  -99  -99  -99  -99  -99  -99  -99  -99  -99  -99  -99  -99  -99  -99  -99  -99  -99  -99  -99    1    7   39   41   44   52   62   89   94   81   45 
   69  -99  -99  -99  -99  -99  -99  -99  -99  -99  -99  -99  -99  -99  -99  -99  -99  -99  -99  -99  -99  -99  -99    1    1    1   32   41   47   65   75   87   94   81   50 
   68  -99  -99  -99  -99  -99  -99  -99  -99  -99  -99  -99  -99  -99  -99  -99  -99  -99  -99  -99  -99  -99  -99    1    1    1   16   41   49   71   81   89   94   66   40 
   67  -99  -99  -99  -99  -99  -99  -99  -99  -99  -99  -99  -99  -99  -99  -99  -99  -99  -99  -99  -99  -99  -99    1    1    1    1   41   51   72   81   89   95   60   17 
   66  -99  -99  -99  -99  -99  -99  -99  -99  -99  -99  -99  -99  -99  -99  -99  -99  -99  -99  -99  -99  -99    1    1    1    1    1   28   50   70   81   89   90   58    1 
   65  -99  -99  -99  -99  -99  -99  -99  -99  -99  -99  -99  -99  -99  -99  -99  -99  -99  -99  -99  -99  -99    1    1    1    1    1   14   47   70   81   88   87   41    1 
   64  -99  -99  -99  -99  -99  -99  -99  -99  -99  -99  -99  -99  -99  -99  -99  -99  -99  -99  -99  -99    1    1    1    1    1    1    3   45   68   77   85   83   33    1 
   63  -99  -99  -99  -99  -99  -99  -99  -99  -99  -99  -99  -99  -99  -99  -99  -99  -99  -99  -99  -99    1    1    1    1    1    1    1   43   66   74   81   81   26    1 
   62  -99  -99  -99  -99  -99  -99  -99  -99  -99  -99  -99  -99  -99  -99  -99  -99  -99  -99  -99  -99    1    1    1    1    1    1    1   43   64   71   81   81   22    1 
   61  -99  -99  -99  -99  -99  -99  -99  -99  -99  -99  -99  -99  -99  -99  -99  -99  -99  -99  -99    1    1    1    1    1    1    1    1   41   61   70   81   81   20    1 
   60  -99  -99  -99  -99  -99  -99  -99  -99  -99  -99  -99  -99  -99  -99  -99  -99  -99  -99  -99    1    1    1    1    1    1    1    1   28   54   67   81   81   15    1 
   59  -99  -99  -99  -99  -99  -99  -99  -99  -99  -99  -99  -99  -99  -99  -99  -99  -99  -99    1    1    1    1    1    1    1    1    1   17   46   60   81   81   10    1 
   58  -99  -99  -99  -99  -99  -99  -99  -99  -99  -99  -99  -99  -99  -99  -99  -99  -99  -99    1    1    1    1    1    1    1    1    1   15   41   59   81   81    7    1 
   57  -99  -99  -99  -99  -99  -99  -99  -99  -99  -99  -99  -99  -99  -99  -99  -99  -99  -99    1    1    1    1    1    1    1    1    1   16   41   58   81   81    7    1 
   56  -99  -99  -99  -99  -99  -99  -99  -99  -99  -99  -99  -99  -99  -99  -99  -99  -99    1    1    1    1    1    1    1    1    1    1   16   40   58   81   81    7    1 
   55  -99  -99  -99  -99  -99  -99  -99  -99  -99  -99  -99  -99  -99  -99  -99  -99  -99    1    1    1    1    1    1    1    1    1    1   15   37   58   81   81    8    1 
   54  -99  -99  -99  -99  -99  -99  -99  -99  -99  -99  -99  -99  -99  -99  -99  -99    1    1    1    1    1    1    1    1    1    1    1   11   34   61   81   81   10    1 
   53  -99  -99  -99  -99  -99  -99  -99  -99  -99  -99  -99  -99  -99  -99  -99  -99    1    1    1    1    1    1    1    1    1    1    1    3   37   66   81   78   11    1 
   52  -99  -99  -99  -99  -99  -99  -99  -99  -99  -99  -99  -99  -99  -99  -99  -99    1    1    1    1    1    1    1    1    1    1    1    1   43   73   81   70   12    1 
   51  -99  -99  -99  -99  -99  -99  -99  -99  -99  -99  -99  -99  -99  -99  -99    1    1    1    1    1    1    1    1    1    1    1    1    1   38   75   81   66   14  -99 
   50  -99  -99  -99  -99  -99  -99  -99  -99  -99  -99  -99  -99  -99  -99  -99    1    1    1    1    1    1    1    1    1    1    1    1    1   31   73   77   63   16  -99 
   49  -99  -99  -99  -99  -99  -99  -99  -99  -99  -99  -99  -99  -99  -99    1    1    1    1    1    1    1    1    1    1    1    1    1    1   30   70   72   61   20  -99 
   48  -99  -99  -99  -99  -99  -99  -99  -99  -99  -99  -99  -99  -99  -99    1    1    1    1    1    1    1    1    1    1    1    1    1    1   34   66   68   59   26  -99 
   47  -99  -99  -99  -99  -99  -99  -99  -99  -99  -99  -99  -99  -99  -99    1    1    1    1    1    1    1    1    1    1    1    1    1    1   39   61   63   57   37  -99 
   46  -99  -99  -99  -99  -99  -99  -99  -99  -99  -99  -99  -99  -99    1    1    1    1    1    1    1    1    1    1    1    1    1    1    1   50   61   58   53   41  -99 
   45  -99  -99  -99  -99  -99  -99  -99  -99  -99  -99  -99  -99  -99    1    1    1    1    1    1    1    1    1    1    1    1    1    1   11   61   61   52   46   39  -99 
   44  -99  -99  -99  -99  -99  -99  -99  -99  -99  -99  -99  -99    1    1    1    1    1    1    1    1    1    1    1    1    1    1    1   25   61   61   48   38   28  -99 
   43  -99  -99  -99  -99  -99  -99  -99  -99  -99  -99  -99  -99    1    1    1    1    1    1    1    1    1    1    1    1    1    1    5   41   61   61   45   31   17  -99 
   42  -99  -99  -99  -99  -99  -99  -99  -99  -99  -99  -99    1    1    1    1    1    1    1    1    1    1    1    1    1    1    1   21   52   61   61   43   23    8  -99 
   41  -99  -99  -99  -99  -99  -99  -99  -99  -99  -99  -99    1    1    1    1    1    1    1    1    1    1    1    1    1    1    2   40   58   61   59   40   15    1  -99 
   40  -99  -99  -99  -99  -99  -99  -99  -99  -99  -99  -99    1    1    1    1    1    1    1    1    1    1    1    1    1    1   15   55   61   61   55   36    7    1  -99 
   39  -99  -99  -99  -99  -99  -99  -99  -99  -99  -99    1    1    1    1    1    1    1    1    1    1    1    1    1    1    2   27   61   61   61   51   31    1  -99  -99 
   38  -99  -99  -99  -99  -99  -99  -99  -99  -99  -99    1    1    1    1    1    1    1    1    1    1    1    1    1    1   15   39   61   61   61   50   27    1  -99  -99 
   37  -99  -99  -99  -99  -99  -99  -99  -99  -99    1    1    1    1    1    1    1    1    1    1    1    1    1    1    1   27   47   61   61   61   50   24    1  -99  -99 
   36  -99  -99  -99  -99  -99  -99  -99  -99  -99    1    1    1    1    1    1    1    1    1    1    1    1    1    1   11   35   54   61   60   61   49   23    1  -99  -99 
   35  -99  -99  -99  -99  -99  -99  -99  -99  -99    1    1    1    1    1    1    1    1    1    1    1    1    1    2   22   43   61   61   55   61   47   19  -99  -99  -99 
   34  -99  -99  -99  -99  -99  -99  -99  -99    1    1    1    1    1    1    1    1    1    1    1    1    1    1   16   34   48   61   61   50   55   43   15  -99  -99  -99 
   33  -99  -99  -99  -99  -99  -99  -99  -99    1    1    1    1    1    1    1    1    1    1    1    1    1   13   30   41   49   61   61   46   48   41   12  -99  -99  -99 
   32  -99  -99  -99  -99  -99  -99  -99    1    1    1    1    1    1    1    2    5    1    1    1    1    9   29   41   41   47   61   59   43   40   32    6  -99  -99  -99 
   31  -99  -99  -99  -99  -99  -99  -99    1    1    1    1    1    1    1    7   16    7    5    1    3   15   40   41   41   45   57   53   38   24   21  -99  -99  -99  -99 
   30  -99  -99  -99  -99  -99  -99  -99    1    1    1    1    1    1    5   12   25   20   23    8    4   19   41   41   41   42   52   48   32    9    5  -99  -99  -99  -99 
   29  -99  -99  -99  -99  -99  -99    1    1    1    1    1    2    7   14   17   33   32   34   14    6   24   41   41   41   41   48   42   23    1  -99  -99  -99  -99  -99 
   28  -99  -99  -99  -99  -99  -99    1    1    1    1    2    6   14   24   24   36   41   38   18    8   26   41   41   41   41   44   32   13    1  -99  -99  -99  -99  -99 
   27  -99  -99  -99  -99  -99    1    1    1    1    1    3   10   20   33   30   40   41   41   20   10   27   41   41   41   41   37   21    1  -99  -99  -99  -99  -99  -99 
   26  -99  -99  -99  -99  -99    1    1    1    1    1    4   15   25   41   37   41   41   41   23   11   29   41   41   41   39   28    9    1  -99  -99  -99  -99  -99  -99 
   25  -99  -99  -99  -99  -99    1    1    1    1    1    5   13   25   41   41   41   41   41   26   13   30   41   41   41   32   17    1  -99  -99  -99  -99  -99  -99  -99 
   24  -99  -99  -99  -99    1    1    1    1    1    1    7   12   27   41   41   41   41   41   29   15   32   41   41   41   25    6  -99  -99  -99  -99  -99  -99  -99  -99 
   23  -99  -99  -99  -99    1    1    1    1    1    1    7   10   30   41   41   41   41   41   32   17   31   37   41   32   16    1  -99  -99  -99  -99  -99  -99  -99  -99 
   22  -99  -99  -99    1    1    1    1    1    1    1    7   10   29   41   41   41   41   41   32   18   29   32   35   20    3  -99  -99  -99  -99  -99  -99  -99  -99  -99 
   21  -99  -99  -99    1    1    1    1    1    1    1    6   11   27   41   41   41   41   41   31   20   27   27   27    9  -99  -99  -99  -99  -99  -99  -99  -99  -99  -99 
   20  -99  -99    1    1    1    1    1    1    1    1    5   12   25   41   41   39   41   41   29   19   22   20   19    1  -99  -99  -99  -99  -99  -99  -99  -99  -99  -99 
   19  -99  -99    1    1    1    1    1    1    1    1    5   13   23   41   41   36   41   41   27   14   21   12    6  -99  -99  -99  -99  -99  -99  -99  -99  -99  -99  -99 
   18  -99  -99    1    1    1    1    1    1    1    1    4   13   22   41   41   32   37   41   23   10   13    3  -99  -99  -99  -99  -99  -99  -99  -99  -99  -99  -99  -99 
   17  -99    1    1    1    1    1    1    1    1    1    4   12   20   41   39   29   33   37   19    5    3  -99  -99  -99  -99  -99  -99  -99  -99  -99  -99  -99  -99  -99 
   16  -99    1    1    1    1    1    1    1    1    1    3   11   18   37   38   26   30   30   13    1    1  -99  -99  -99  -99  -99  -99  -99  -99  -99  -99  -99  -99  -99 
   15  -99    1    1    1    1    1    1    1    1    1    2   11   19   34   37   23   26   23    7    1  -99  -99  -99  -99  -99  -99  -99  -99  -99  -99  -99  -99  -99  -99 
   14  -99    1    1    1    1    1    1    1    1    1    2   10   18   30   34   21   22   13    1  -99  -99  -99  -99  -99  -99  -99  -99  -99  -99  -99  -99  -99  -99  -99 
   13  -99    1    1    1    1    1    1    1    1    1    1   10   18   25   29   19   15    3    1  -99  -99  -99  -99  -99  -99  -99  -99  -99  -99  -99  -99  -99  -99  -99 
   12  -99    1    1    1    1    1    1    1    1    1    1    9   17   20   25   14   10    1  -99  -99  -99  -99  -99  -99  -99  -99  -99  -99  -99  -99  -99  -99  -99  -99 
   11  -99    1    1    1    1    1    1    1    1    1    1    8   18   12   20    9    5  -99  -99  -99  -99  -99  -99  -99  -99  -99  -99  -99  -99  -99  -99  -99  -99  -99 
   10  -99    1    1    1    1    1    1    1    1    1    1    8   18    3   14    4  -99  -99  -99  -99  -99  -99  -99  -99  -99  -99  -99  -99  -99  -99  -99  -99  -99  -99 
    9  -99    1    1    1    1    1    1    1    1    1    1    7    9    1    9    1  -99  -99  -99  -99  -99  -99  -99  -99  -99  -99  -99  -99  -99  -99  -99  -99  -99  -99 
    8  -99    1    1    1    1    1    1    1    1    1    1    4    1    1    2  -99  -99  -99  -99  -99  -99  -99  -99  -99  -99  -99  -99  -99  -99  -99  -99  -99  -99  -99 
    7  -99    1    1    1    1    1    1    1    1    1    1    1    1    1  -99  -99  -99  -99  -99  -99  -99  -99  -99  -99  -99  -99  -99  -99  -99  -99  -99  -99  -99  -99 
    6  -99    1    1    1    1    1    1    1    1    1    1    1  -99  -99  -99  -99  -99  -99  -99  -99  -99  -99  -99  -99  -99  -99  -99  -99  -99  -99  -99  -99  -99  -99 
    5  -99    1    1    1    1    1    1    1    1    1    1  -99  -99  -99  -99  -99  -99  -99  -99  -99  -99  -99  -99  -99  -99  -99  -99  -99  -99  -99  -99  -99  -99  -99 
    4  -99  -99    1    1    1    1    1    1    1    1  -99  -99  -99  -99  -99  -99  -99  -99  -99  -99  -99  -99  -99  -99  -99  -99  -99  -99  -99  -99  -99  -99  -99  -99 
    3  -99  -99  -99    1    1    1    1    1    1  -99  -99  -99  -99  -99  -99  -99  -99  -99  -99  -99  -99  -99  -99  -99  -99  -99  -99  -99  -99  -99  -99  -99  -99  -99 
    2  -99  -99  -99  -99  -99  -99  -99  -99  -99  -99  -99  -99  -99  -99  -99  -99  -99  -99  -99  -99  -99  -99  -99  -99  -99  -99  -99  -99  -99  -99  -99  -99  -99  -99 
