Open boundary condition file for LAB experiment of flow through a bend 
Time is in hours from day 1 in 2009 
Data - (2) Flow (m3/s); (3) Temp. (oC); 
Data taken from Ian King users manual for RMA10 
***********************************************  
   npts  =   348 
    0.0000    -0.0896    15.0000   280.0000     0.0000
   24.0000    -0.0814    15.0000   280.0000     0.0000
   48.0000    -0.0750    15.0000   280.0000     0.0000
   72.0000    -0.0729    15.0000   280.0000     0.0000
   96.0000    -0.0726    15.0000   280.0000     0.0000
  120.0000    -0.0646    15.0000   280.0000     0.0000
  144.0000    -0.0585    15.0000   280.0000     0.0000
  168.0000    -0.0667    15.0000   280.0000     0.0000
  192.0000    -0.0702    15.0000   280.0000     0.0000
  216.0000    -0.0857    15.0000   280.0000     0.0000
  240.0000    -0.0838    15.0000   280.0000     0.0000
  264.0000    -0.0727    15.0000   280.0000     0.0000
  288.0000    -0.0668    15.0000   280.0000     0.0000
  312.0000    -0.0659    15.0000   280.0000     0.0000
  336.0000    -0.0835    15.0000   280.0000     0.0000
  360.0000    -0.0950    15.0000   280.0000     0.0000
  384.0000    -0.0882    15.0000   280.0000     0.0000
  408.0000    -0.0894    15.0000   280.0000     0.0000
  432.0000    -0.0834    15.0000   280.0000     0.0000
  456.0000    -0.1107    15.0000   280.0000     0.0000
  480.0000    -0.1624    15.0000   280.0000     0.0000
  504.0000    -0.1146    15.0000   280.0000     0.0000
  528.0000    -0.1053    15.0000   280.0000     0.0000
  552.0000    -0.1026    15.0000   280.0000     0.0000
  576.0000    -0.1014    15.0000   280.0000     0.0000
  600.0000    -0.1036    15.0000   280.0000     0.0000
  624.0000    -0.1077    15.0000   280.0000     0.0000
  648.0000    -0.1041    15.0000   280.0000     0.0000
  672.0000    -0.0993    15.0000   280.0000     0.0000
  696.0000    -0.0977    15.0000   280.0000     0.0000
  720.0000    -0.1001    15.0000   280.0000     0.0000
  744.0000    -0.1076    15.0000   280.0000     0.0000
  768.0000    -0.1016    15.0000   280.0000     0.0000
  792.0000    -0.0951    15.0000   280.0000     0.0000
  816.0000    -0.0930    15.0000   280.0000     0.0000
  840.0000    -0.0916    15.0000   280.0000     0.0000
  864.0000    -0.0924    15.0000   280.0000     0.0000
  888.0000    -0.0892    15.0000   280.0000     0.0000
  912.0000    -0.0821    15.0000   280.0000     0.0000
  936.0000    -0.0777    15.0000   280.0000     0.0000
  960.0000    -0.0745    15.0000   280.0000     0.0000
  984.0000    -0.0725    15.0000   280.0000     0.0000
 1008.0000    -0.0704    15.0000   280.0000     0.0000
 1032.0000    -0.0654    15.0000   280.0000     0.0000
 1056.0000    -0.0609    15.0000   280.0000     0.0000
 1080.0000    -0.0596    15.0000   280.0000     0.0000
 1104.0000    -0.0603    15.0000   280.0000     0.0000
 1128.0000    -0.0610    15.0000   280.0000     0.0000
 1152.0000    -0.0677    15.0000   280.0000     0.0000
 1176.0000    -0.0674    15.0000   280.0000     0.0000
 1200.0000    -0.0603    15.0000   280.0000     0.0000
 1224.0000    -0.0608    15.0000   280.0000     0.0000
 1248.0000    -0.0597    15.0000   280.0000     0.0000
 1272.0000    -0.0545    15.0000   280.0000     0.0000
 1296.0000    -0.0529    15.0000   280.0000     0.0000
 1320.0000    -0.0510    15.0000   280.0000     0.0000
 1344.0000    -0.0503    15.0000   280.0000     0.0000
 1368.0000    -0.0494    15.0000   280.0000     0.0000
 1392.0000    -0.0480    15.0000   280.0000     0.0000
 1416.0000    -0.0468    15.0000   280.0000     0.0000
 1440.0000    -0.0455    15.0000   280.0000     0.0000
 1464.0000    -0.0490    15.0000   280.0000     0.0000
 1488.0000    -0.0623    15.0000   280.0000     0.0000
 1512.0000    -0.0860    15.0000   280.0000     0.0000
 1536.0000    -0.0971    15.0000   280.0000     0.0000
 1560.0000    -0.0787    15.0000   280.0000     0.0000
 1584.0000    -0.0735    15.0000   280.0000     0.0000
 1608.0000    -0.0679    15.0000   280.0000     0.0000
 1632.0000    -0.0619    15.0000   280.0000     0.0000
 1656.0000    -0.0791    15.0000   280.0000     0.0000
 1680.0000    -0.0886    15.0000   280.0000     0.0000
 1704.0000    -0.0748    15.0000   280.0000     0.0000
 1728.0000    -0.0689    15.0000   280.0000     0.0000
 1752.0000    -0.0644    15.0000   280.0000     0.0000
 1776.0000    -0.0624    15.0000   280.0000     0.0000
 1800.0000    -0.0619    15.0000   280.0000     0.0000
 1824.0000    -0.0592    15.0000   280.0000     0.0000
 1848.0000    -0.0549    15.0000   280.0000     0.0000
 1872.0000    -0.0655    15.0000   280.0000     0.0000
 1896.0000    -0.0788    15.0000   280.0000     0.0000
 1920.0000    -0.0683    15.0000   280.0000     0.0000
 1944.0000    -0.0613    15.0000   280.0000     0.0000
 1968.0000    -0.0594    15.0000   280.0000     0.0000
 1992.0000    -0.0545    15.0000   280.0000     0.0000
 2016.0000    -0.0506    15.0000   280.0000     0.0000
 2040.0000    -0.0452    15.0000   280.0000     0.0000
 2064.0000    -0.0415    15.0000   280.0000     0.0000
 2088.0000    -0.0439    15.0000   280.0000     0.0000
 2112.0000    -0.0598    15.0000   280.0000     0.0000
 2136.0000    -0.0545    15.0000   280.0000     0.0000
 2160.0000    -0.0404    15.0000   280.0000     0.0000
 2184.0000    -0.0415    15.0000   280.0000     0.0000
 2208.0000    -0.0422    15.0000   280.0000     0.0000
 2232.0000    -0.0388    15.0000   280.0000     0.0000
 2256.0000    -0.0416    15.0000   280.0000     0.0000
 2280.0000    -0.0446    15.0000   280.0000     0.0000
 2304.0000    -0.0460    15.0000   280.0000     0.0000
 2328.0000    -0.0722    15.0000   280.0000     0.0000
 2352.0000    -0.0683    15.0000   280.0000     0.0000
 2376.0000    -0.0534    15.0000   280.0000     0.0000
 2400.0000    -0.0518    15.0000   280.0000     0.0000
 2424.0000    -0.0455    15.0000   280.0000     0.0000
 2448.0000    -0.0454    15.0000   280.0000     0.0000
 2472.0000    -0.0499    15.0000   280.0000     0.0000
 2496.0000    -0.1068    15.0000   280.0000     0.0000
 2520.0000    -0.0973    15.0000   280.0000     0.0000
 2544.0000    -0.0710    15.0000   280.0000     0.0000
 2568.0000    -0.0597    15.0000   280.0000     0.0000
 2592.0000    -0.0550    15.0000   280.0000     0.0000
 2616.0000    -0.0544    15.0000   280.0000     0.0000
 2640.0000    -0.0540    15.0000   280.0000     0.0000
 2664.0000    -0.0507    15.0000   280.0000     0.0000
 2688.0000    -0.0457    15.0000   280.0000     0.0000
 2712.0000    -0.0409    15.0000   280.0000     0.0000
 2736.0000    -0.0379    15.0000   280.0000     0.0000
 2760.0000    -0.0366    15.0000   280.0000     0.0000
 2784.0000    -0.0359    15.0000   280.0000     0.0000
 2808.0000    -0.0347    15.0000   280.0000     0.0000
 2832.0000    -0.0331    15.0000   280.0000     0.0000
 2856.0000    -0.0394    15.0000   280.0000     0.0000
 2880.0000    -0.0395    15.0000   280.0000     0.0000
 2904.0000    -0.0376    15.0000   280.0000     0.0000
 2928.0000    -0.0348    15.0000   280.0000     0.0000
 2952.0000    -0.0322    15.0000   280.0000     0.0000
 2976.0000    -0.0302    15.0000   280.0000     0.0000
 3000.0000    -0.0286    15.0000   280.0000     0.0000
 3024.0000    -0.0277    15.0000   280.0000     0.0000
 3048.0000    -0.0271    15.0000   280.0000     0.0000
 3072.0000    -0.0283    15.0000   280.0000     0.0000
 3096.0000    -0.0281    15.0000   280.0000     0.0000
 3120.0000    -0.0256    15.0000   280.0000     0.0000
 3144.0000    -0.0246    15.0000   280.0000     0.0000
 3168.0000    -0.0418    15.0000   280.0000     0.0000
 3192.0000    -0.0559    15.0000   280.0000     0.0000
 3216.0000    -0.0376    15.0000   280.0000     0.0000
 3240.0000    -0.0337    15.0000   280.0000     0.0000
 3264.0000    -0.0325    15.0000   280.0000     0.0000
 3288.0000    -0.0318    15.0000   280.0000     0.0000
 3312.0000    -0.0336    15.0000   280.0000     0.0000
 3336.0000    -0.0321    15.0000   280.0000     0.0000
 3360.0000    -0.0300    15.0000   280.0000     0.0000
 3384.0000    -0.0354    15.0000   280.0000     0.0000
 3408.0000    -0.0337    15.0000   280.0000     0.0000
 3432.0000    -0.0269    15.0000   280.0000     0.0000
 3456.0000    -0.0252    15.0000   280.0000     0.0000
 3480.0000    -0.0248    15.0000   280.0000     0.0000
 3504.0000    -0.0242    15.0000   280.0000     0.0000
 3528.0000    -0.0218    15.0000   280.0000     0.0000
 3552.0000    -0.0230    15.0000   280.0000     0.0000
 3576.0000    -0.0240    15.0000   280.0000     0.0000
 3600.0000    -0.0233    15.0000   280.0000     0.0000
 3624.0000    -0.0227    15.0000   280.0000     0.0000
 3648.0000    -0.0221    15.0000   280.0000     0.0000
 3672.0000    -0.0219    15.0000   280.0000     0.0000
 3696.0000    -0.0216    15.0000   280.0000     0.0000
 3720.0000    -0.0210    15.0000   280.0000     0.0000
 3744.0000    -0.0206    15.0000   280.0000     0.0000
 3768.0000    -0.0342    15.0000   280.0000     0.0000
 3792.0000    -0.0364    15.0000   280.0000     0.0000
 3816.0000    -0.0278    15.0000   280.0000     0.0000
 3840.0000    -0.0267    15.0000   280.0000     0.0000
 3864.0000    -0.0260    15.0000   280.0000     0.0000
 3888.0000    -0.0276    15.0000   280.0000     0.0000
 3912.0000    -0.0276    15.0000   280.0000     0.0000
 3936.0000    -0.0245    15.0000   280.0000     0.0000
 3960.0000    -0.0235    15.0000   280.0000     0.0000
 3984.0000    -0.0220    15.0000   280.0000     0.0000
 4008.0000    -0.0196    15.0000   280.0000     0.0000
 4032.0000    -0.0184    15.0000   280.0000     0.0000
 4056.0000    -0.0178    15.0000   280.0000     0.0000
 4080.0000    -0.0175    15.0000   280.0000     0.0000
 4104.0000    -0.0170    15.0000   280.0000     0.0000
 4128.0000    -0.0166    15.0000   280.0000     0.0000
 4152.0000    -0.0162    15.0000   280.0000     0.0000
 4176.0000    -0.0444    15.0000   280.0000     0.0000
 4200.0000    -0.0543    15.0000   280.0000     0.0000
 4224.0000    -0.0350    15.0000   280.0000     0.0000
 4248.0000    -0.0322    15.0000   280.0000     0.0000
 4272.0000    -0.0343    15.0000   280.0000     0.0000
 4296.0000    -0.0674    15.0000   280.0000     0.0000
 4320.0000    -0.1182    15.0000   280.0000     0.0000
 4344.0000    -0.1036    15.0000   280.0000     0.0000
 4368.0000    -0.1614    15.0000   280.0000     0.0000
 4392.0000    -0.1350    15.0000   280.0000     0.0000
 4416.0000    -0.0919    15.0000   280.0000     0.0000
 4440.0000    -0.1106    15.0000   280.0000     0.0000
 4464.0000    -0.1451    15.0000   280.0000     0.0000
 4488.0000    -0.1226    15.0000   280.0000     0.0000
 4512.0000    -0.0976    15.0000   280.0000     0.0000
 4536.0000    -0.0899    15.0000   280.0000     0.0000
 4560.0000    -0.0888    15.0000   280.0000     0.0000
 4584.0000    -0.0880    15.0000   280.0000     0.0000
 4608.0000    -0.0921    15.0000   280.0000     0.0000
 4632.0000    -0.0936    15.0000   280.0000     0.0000
 4656.0000    -0.0900    15.0000   280.0000     0.0000
 4680.0000    -0.0881    15.0000   280.0000     0.0000
 4704.0000    -0.0880    15.0000   280.0000     0.0000
 4728.0000    -0.0874    15.0000   280.0000     0.0000
 4752.0000    -0.0911    15.0000   280.0000     0.0000
 4776.0000    -0.0918    15.0000   280.0000     0.0000
 4800.0000    -0.0921    15.0000   280.0000     0.0000
 4824.0000    -0.0927    15.0000   280.0000     0.0000
 4848.0000    -0.0900    15.0000   280.0000     0.0000
 4872.0000    -0.0872    15.0000   280.0000     0.0000
 4896.0000    -0.0804    15.0000   280.0000     0.0000
 4920.0000    -0.0735    15.0000   280.0000     0.0000
 4944.0000    -0.0651    15.0000   280.0000     0.0000
 4968.0000    -0.0558    15.0000   280.0000     0.0000
 4992.0000    -0.0522    15.0000   280.0000     0.0000
 5016.0000    -0.0480    15.0000   280.0000     0.0000
 5040.0000    -0.0686    15.0000   280.0000     0.0000
 5064.0000    -0.1439    15.0000   280.0000     0.0000
 5088.0000    -0.1133    15.0000   280.0000     0.0000
 5112.0000    -0.0891    15.0000   280.0000     0.0000
 5136.0000    -0.0911    15.0000   280.0000     0.0000
 5160.0000    -0.0922    15.0000   280.0000     0.0000
 5184.0000    -0.0889    15.0000   280.0000     0.0000
 5208.0000    -0.0878    15.0000   280.0000     0.0000
 5232.0000    -0.0813    15.0000   280.0000     0.0000
 5256.0000    -0.0796    15.0000   280.0000     0.0000
 5280.0000    -0.0751    15.0000   280.0000     0.0000
 5304.0000    -0.0722    15.0000   280.0000     0.0000
 5328.0000    -0.0666    15.0000   280.0000     0.0000
 5352.0000    -0.0871    15.0000   280.0000     0.0000
 5376.0000    -0.1102    15.0000   280.0000     0.0000
 5400.0000    -0.0904    15.0000   280.0000     0.0000
 5424.0000    -0.0855    15.0000   280.0000     0.0000
 5448.0000    -0.0807    15.0000   280.0000     0.0000
 5472.0000    -0.0748    15.0000   280.0000     0.0000
 5496.0000    -0.0688    15.0000   280.0000     0.0000
 5520.0000    -0.0642    15.0000   280.0000     0.0000
 5544.0000    -0.0602    15.0000   280.0000     0.0000
 5568.0000    -0.0681    15.0000   280.0000     0.0000
 5592.0000    -0.1288    15.0000   280.0000     0.0000
 5616.0000    -0.1157    15.0000   280.0000     0.0000
 5640.0000    -0.0979    15.0000   280.0000     0.0000
 5664.0000    -0.0928    15.0000   280.0000     0.0000
 5688.0000    -0.0892    15.0000   280.0000     0.0000
 5712.0000    -0.0852    15.0000   280.0000     0.0000
 5736.0000    -0.0821    15.0000   280.0000     0.0000
 5760.0000    -0.0739    15.0000   280.0000     0.0000
 5784.0000    -0.0717    15.0000   280.0000     0.0000
 5808.0000    -0.0675    15.0000   280.0000     0.0000
 5832.0000    -0.0650    15.0000   280.0000     0.0000
 5856.0000    -0.0781    15.0000   280.0000     0.0000
 5880.0000    -0.1228    15.0000   280.0000     0.0000
 5904.0000    -0.1287    15.0000   280.0000     0.0000
 5928.0000    -0.1078    15.0000   280.0000     0.0000
 5952.0000    -0.0985    15.0000   280.0000     0.0000
 5976.0000    -0.0964    15.0000   280.0000     0.0000
 6000.0000    -0.0965    15.0000   280.0000     0.0000
 6024.0000    -0.0965    15.0000   280.0000     0.0000
 6048.0000    -0.0943    15.0000   280.0000     0.0000
 6072.0000    -0.0913    15.0000   280.0000     0.0000
 6096.0000    -0.0905    15.0000   280.0000     0.0000
 6120.0000    -0.0870    15.0000   280.0000     0.0000
 6144.0000    -0.0854    15.0000   280.0000     0.0000
 6168.0000    -0.0831    15.0000   280.0000     0.0000
 6192.0000    -0.0830    15.0000   280.0000     0.0000
 6216.0000    -0.0801    15.0000   280.0000     0.0000
 6240.0000    -0.0766    15.0000   280.0000     0.0000
 6264.0000    -0.0919    15.0000   280.0000     0.0000
 6288.0000    -0.0930    15.0000   280.0000     0.0000
 6312.0000    -0.0802    15.0000   280.0000     0.0000
 6336.0000    -0.0770    15.0000   280.0000     0.0000
 6360.0000    -0.0756    15.0000   280.0000     0.0000
 6384.0000    -0.0771    15.0000   280.0000     0.0000
 6408.0000    -0.0915    15.0000   280.0000     0.0000
 6432.0000    -0.1111    15.0000   280.0000     0.0000
 6456.0000    -0.1077    15.0000   280.0000     0.0000
 6480.0000    -0.0971    15.0000   280.0000     0.0000
 6504.0000    -0.0961    15.0000   280.0000     0.0000
 6528.0000    -0.0959    15.0000   280.0000     0.0000
 6552.0000    -0.1036    15.0000   280.0000     0.0000
 6576.0000    -0.1007    15.0000   280.0000     0.0000
 6600.0000    -0.0975    15.0000   280.0000     0.0000
 6624.0000    -0.0958    15.0000   280.0000     0.0000
 6648.0000    -0.0967    15.0000   280.0000     0.0000
 6672.0000    -0.0944    15.0000   280.0000     0.0000
 6696.0000    -0.0927    15.0000   280.0000     0.0000
 6720.0000    -0.0896    15.0000   280.0000     0.0000
 6744.0000    -0.0869    15.0000   280.0000     0.0000
 6768.0000    -0.0830    15.0000   280.0000     0.0000
 6792.0000    -0.0815    15.0000   280.0000     0.0000
 6816.0000    -0.0883    15.0000   280.0000     0.0000
 6840.0000    -0.1006    15.0000   280.0000     0.0000
 6864.0000    -0.0932    15.0000   280.0000     0.0000
 6888.0000    -0.0878    15.0000   280.0000     0.0000
 6912.0000    -0.0850    15.0000   280.0000     0.0000
 6936.0000    -0.0720    15.0000   280.0000     0.0000
 6960.0000    -0.0815    15.0000   280.0000     0.0000
 6984.0000    -0.0911    15.0000   280.0000     0.0000
 7008.0000    -0.0856    15.0000   280.0000     0.0000
 7032.0000    -0.0902    15.0000   280.0000     0.0000
 7056.0000    -0.0880    15.0000   280.0000     0.0000
 7080.0000    -0.0674    15.0000   280.0000     0.0000
 7104.0000    -0.0665    15.0000   280.0000     0.0000
 7128.0000    -0.0762    15.0000   280.0000     0.0000
 7152.0000    -0.1020    15.0000   280.0000     0.0000
 7176.0000    -0.0937    15.0000   280.0000     0.0000
 7200.0000    -0.0832    15.0000   280.0000     0.0000
 7224.0000    -0.0742    15.0000   280.0000     0.0000
 7248.0000    -0.0818    15.0000   280.0000     0.0000
 7272.0000    -0.0810    15.0000   280.0000     0.0000
 7296.0000    -0.0766    15.0000   280.0000     0.0000
 7320.0000    -0.0703    15.0000   280.0000     0.0000
 7344.0000    -0.0760    15.0000   280.0000     0.0000
 7368.0000    -0.0871    15.0000   280.0000     0.0000
 7392.0000    -0.1096    15.0000   280.0000     0.0000
 7416.0000    -0.1724    15.0000   280.0000     0.0000
 7440.0000    -0.1736    15.0000   280.0000     0.0000
 7464.0000    -0.1220    15.0000   280.0000     0.0000
 7488.0000    -0.1116    15.0000   280.0000     0.0000
 7512.0000    -0.1097    15.0000   280.0000     0.0000
 7536.0000    -0.1109    15.0000   280.0000     0.0000
 7560.0000    -0.1114    15.0000   280.0000     0.0000
 7584.0000    -0.1099    15.0000   280.0000     0.0000
 7608.0000    -0.1088    15.0000   280.0000     0.0000
 7632.0000    -0.1043    15.0000   280.0000     0.0000
 7656.0000    -0.1099    15.0000   280.0000     0.0000
 7680.0000    -0.1063    15.0000   280.0000     0.0000
 7704.0000    -0.1039    15.0000   280.0000     0.0000
 7728.0000    -0.1544    15.0000   280.0000     0.0000
 7752.0000    -0.1414    15.0000   280.0000     0.0000
 7776.0000    -0.1137    15.0000   280.0000     0.0000
 7800.0000    -0.1106    15.0000   280.0000     0.0000
 7824.0000    -0.1170    15.0000   280.0000     0.0000
 7848.0000    -0.1335    15.0000   280.0000     0.0000
 7872.0000    -0.1350    15.0000   280.0000     0.0000
 7896.0000    -0.1463    15.0000   280.0000     0.0000
 7920.0000    -0.1791    15.0000   280.0000     0.0000
 7944.0000    -0.1662    15.0000   280.0000     0.0000
 7968.0000    -0.1268    15.0000   280.0000     0.0000
 7992.0000    -0.1156    15.0000   280.0000     0.0000
 8016.0000    -0.1144    15.0000   280.0000     0.0000
 8040.0000    -0.1253    15.0000   280.0000     0.0000
 8064.0000    -0.1349    15.0000   280.0000     0.0000
 8088.0000    -0.1390    15.0000   280.0000     0.0000
 8112.0000    -0.1194    15.0000   280.0000     0.0000
 8136.0000    -0.1139    15.0000   280.0000     0.0000
 8160.0000    -0.1098    15.0000   280.0000     0.0000
 8184.0000    -0.1089    15.0000   280.0000     0.0000
 8208.0000    -0.1057    15.0000   280.0000     0.0000
 8232.0000    -0.1051    15.0000   280.0000     0.0000
 8256.0000    -0.1050    15.0000   280.0000     0.0000
 8280.0000    -0.1035    15.0000   280.0000     0.0000
 8304.0000    -0.1050    15.0000   280.0000     0.0000
 8328.0000    -0.1019    15.0000   280.0000     0.0000
