Initial condition file for FCR - uniform conditions  
Field data for day 146, 2015 27May - 
Simulations starting on day 2015  05Jul - 
Depths (m) not used;  Temp (oC); DO concentration  - 
Source: Data provided by CC profile on 4/1/13 
     -0.15     9.1197   343.7631     0.0000 
     -0.30     9.1197   343.7631     0.0000 
     -0.44     9.0506   344.3866     0.0000 
     -0.60     9.0000   344.3866     0.0000
     -0.72     8.9598   345.2234     0.0000 
     -1.01     8.9267   344.6572     0.0000
     -1.15     8.8900   343.9000     0.0000
     -1.29     8.8572   343.3756     0.0000 
     -1.45     8.7200   342.0000     0.0000
     -1.58     8.5925   341.9231     0.0000 
     -1.75     8.4700   342.0000     0.0000
     -1.87     8.3513   343.6647     0.0000 
     -2.00     8.1500   345.0000     0.0000
     -2.15     7.9014   347.9753     0.0000 
     -2.30     7.8200   347.0000     0.0000
     -2.44     7.7677   347.9753     0.0000
     -2.60     7.6800   347.5000     0.0000
     -2.72     7.6398   347.1525     0.0000 
     -2.85     7.6398   346.0000     0.0000
     -3.01     7.6398   345.3915     0.0000
     -3.15     7.5600   343.0000     0.0000
     -3.30     7.4920   341.9400     0.0000 
     -3.45     7.4500   341.0000     0.0000
     -3.58     7.3998   340.3791     0.0000
     -3.75     7.3500   339.0000     0.0000
     -3.87     7.3050   338.0866     0.0000 
     -4.00     7.2500   336.0000     0.0000
     -4.15     7.1949   334.2547     0.0000 
     -4.30     7.1500   333.0000     0.0000
     -4.44     7.1242   332.6950     0.0000 
     -4.60     7.1000   331.0000     0.0000
     -4.73     7.0711   330.3347     0.0000
     -4.85     7.0000   328.0000     0.0000
     -5.01     6.9913   326.6203     0.0000 
     -5.15     6.9400   324.0000     0.0000
     -5.30     6.9060   322.8347     0.0000 
     -5.45     6.8500   320.0000     0.0000
     -5.58     6.8188   318.5613     0.0000 
     -5.75     6.7600   314.0000     0.0000
     -5.87     6.7180   310.7336     0.0000 
     -6.00     6.6500   306.0000     0.0000
     -6.15     6.5898   301.3038     0.0000 
     -6.30     6.5100   297.0000     0.0000
     -6.44     6.4531   294.4567     0.0000 
     -6.60     6.4000   292.0000     0.0000
     -6.73     6.3576   290.8404     0.0000
     -6.90     6.3200   288.0000     0.0000
     -7.01     6.2532   286.0250     0.0000
     -7.15     6.2200   283.0000     0.0000
     -7.30     6.1838   280.4410     0.0000
     -7.45     6.1400   278.0000     0.0000
     -7.58     6.1037   276.0716     0.0000 
     -7.75     6.0500   273.0000     0.0000
     -7.87     6.0283   271.6710     0.0000 
     -8.00     6.0000   271.0000     0.0000
     -8.16     5.9654   271.6710     0.0000 
     -8.30     5.9100   269.0000     0.0000
     -8.44     5.8771   267.5297     0.0000 
     -8.60     5.8500   262.0000     0.0000
     -8.73     5.8218   254.1841     0.0000 
     -8.85     5.8100   252.0000     0.0000
     -9.01     5.7982   250.3325     0.0000
     -9.15     5.7982   247.0000     0.0000
     -9.30     5.7982   245.8288     0.0000
     -9.45     5.7982   245.7000     0.0000
     -9.60     5.7982   245.6640     0.0000
     -9.75     5.7982   245.6640     0.0000
     -9.90     5.7982   245.6640     0.0000
    -10.05     5.7982   245.6640     0.0000
    -10.20     5.7982   245.6640     0.0000
    -10.35     5.7982   245.6640     0.0000
    -10.50     5.7982   245.6640     0.0000
    -10.65     5.7982   245.6640     0.0000
    -10.80     5.7982   245.6640     0.0000
