Open boundary condition file for FCR INFLOW 1 
Time is in days from day 146, 2015 
Data - (2) Flow (m3/s); (3) Temp. (oC) (4) DO(mg/l); 
ELEVATION = 0FT (0m)
***********************************************  
   npts  =    60   
  20/06/15  -17.06644    19.1376   238.0000     0.0000  
  21/06/15  -16.83359    19.1288   238.0000     0.0000  
  22/06/15  -15.00817    19.1950   238.0000     0.0000  
  23/06/15  -13.90191    19.2490   238.0000     0.0000  
  24/06/15  -12.68156    19.8919   238.0000     0.0000  
  25/06/15  -10.55171    20.4425   238.0000     0.0000  
  26/06/15  -10.02293    20.4887   238.0000     0.0000  
  27/06/15  -10.02293    20.6714   238.0000     0.0000  
  28/06/15  -12.61091    20.6364   238.0000     0.0000  
  29/06/15  -10.35239    19.9190   238.0000     0.0000  
  30/06/15   -9.43869    20.4110   238.0000     0.0000  
  01/07/15  -10.68527    21.0599   238.0000     0.0000  
  02/07/15   -9.76187    21.4199   238.0000     0.0000  
  03/07/15   -9.11906    20.5170   238.0000     0.0000  
  04/07/15   -9.63217    19.7421   238.0000     0.0000  
  05/07/15   -9.18270    19.4869   238.0000     0.0000  
  06/07/15  -15.76060    19.8524   238.0000     0.0000  
  07/07/15  -16.67893    20.4299   238.0000     0.0000  
  08/07/15  -14.78475    20.7188   238.0000     0.0000  
  09/07/15  -14.63640    20.5198   238.0000     0.0000  
  10/07/15  -11.91140    20.4784   238.0000     0.0000  
  11/07/15  -10.88662    20.4807   238.0000     0.0000  
  12/07/15  -10.41869    20.9452   238.0000     0.0000  
  13/07/15  -16.44779    21.1351   238.0000     0.0000  
  14/07/15  -26.17884    21.3573   238.0000     0.0000  
  15/07/15  -22.69301    20.8722   238.0000     0.0000  
  16/07/15  -18.16646    20.0547   238.0000     0.0000  
  17/07/15  -15.45821    19.7469   238.0000     0.0000  
  18/07/15  -15.15771    19.8926   238.0000     0.0000  
  19/07/15  -14.71051    19.8076   238.0000     0.0000  
  20/07/15  -13.61154    19.8319   238.0000     0.0000  
  21/07/15  -12.39971    20.0819   238.0000     0.0000  
  22/07/15  -10.61842    20.6660   238.0000     0.0000  
  23/07/15   -9.43869    21.3912   238.0000     0.0000  
  24/07/15   -8.55282    20.8521   238.0000     0.0000  
  25/07/15   -8.18192    20.1863   238.0000     0.0000  
  26/07/15   -7.63571    21.4505   238.0000     0.0000  
  27/07/15   -6.92682    21.4802   238.0000     0.0000  
  28/07/15   -6.92682    20.2076   238.0000     0.0000  
  29/07/15  -10.55171    19.2396   238.0000     0.0000  
  30/07/15   -8.67763    19.0233   238.0000     0.0000  
  31/07/15   -8.61515    19.5264   238.0000     0.0000  
  01/08/15   -7.16062    19.1124   238.0000     0.0000  
  02/08/15   -6.46690    18.7362   238.0000     0.0000  
  03/08/15   -5.90670    19.1280   238.0000     0.0000  
  04/08/15   -5.36334    19.6192   238.0000     0.0000  
  05/08/15   -4.83743    20.4534   238.0000     0.0000  
  06/08/15   -4.68316    20.6013   238.0000     0.0000  
  07/08/15   -4.94119    20.7626   238.0000     0.0000  
  08/08/15   -4.68316    20.3350   238.0000     0.0000  
  09/08/15   -4.23030    18.5925   238.0000     0.0000  
  10/08/15   -4.13173    18.2203   238.0000     0.0000  
  11/08/15  -18.32539    17.9297   238.0000     0.0000  
  12/08/15   -8.18192    17.3336   238.0000     0.0000  
  13/08/15   -7.75603    17.5919   238.0000     0.0000  
  14/08/15   -7.39692    17.6033   238.0000     0.0000  
  15/08/15   -6.63816    18.2146   238.0000     0.0000  
  16/08/15   -6.52382    18.3911   238.0000     0.0000  
  17/08/15   -5.96197    18.9186   238.0000     0.0000  
  18/08/15   -5.68730    19.0561   238.0000     0.0000  
  19/08/15   -5.41691    19.2091   238.0000     0.0000  
  20/08/15   -5.52455    19.7221   238.0000     0.0000  
  21/08/15   -5.52455    20.3060   238.0000     0.0000  
  22/08/15   -4.68316    20.1264   238.0000     0.0000  
  23/08/15   -4.23030    19.9548   238.0000     0.0000  
  24/08/15   -4.23030    18.7465   238.0000     0.0000  
  25/08/15   -3.84065    18.6031   238.0000     0.0000  
  26/08/15   -3.09953    18.8315   238.0000     0.0000  
  27/08/15   -4.32962    19.3445   238.0000     0.0000  
  28/08/15   -3.98532    20.1966   238.0000     0.0000  
  29/08/15   -3.60347    19.1492   238.0000     0.0000  
  30/08/15   -3.60347    20.1355   238.0000     0.0000  
  31/08/15   -3.41734    20.6166   238.0000     0.0000  
  01/09/15   -3.23448    20.8788   238.0000     0.0000  
  02/09/15   -2.92256    20.9710   238.0000     0.0000  
  03/09/15   -2.87886    20.5521   238.0000     0.0000  
  04/09/15   -2.79210    20.5697   238.0000     0.0000  
  05/09/15   -5.85159    20.4989   238.0000     0.0000  
  06/09/15   -5.68730    20.5948   238.0000     0.0000  
  07/09/15   -5.15085    19.6331   238.0000     0.0000  
  08/09/15   -4.63210    18.4243   238.0000     0.0000  
  09/09/15   -4.53053    18.1458   238.0000     0.0000  
  10/09/15   -4.42970    18.3807   238.0000     0.0000  
  11/09/15   -4.37957    18.7805   238.0000     0.0000  
  12/09/15   -3.69774    18.4609   238.0000     0.0000  
  13/09/15   -3.41734    17.3445   238.0000     0.0000  
  14/09/15   -3.05497    16.0378   238.0000     0.0000  
  15/09/15   -2.33092    16.4268   238.0000     0.0000  
  16/09/15   -1.93621    16.8286   238.0000     0.0000  
  17/09/15   -1.86020    15.9927   238.0000     0.0000  
  18/09/15   -1.71125    16.1123   238.0000     0.0000  
  19/09/15   -1.49568    15.8952   238.0000     0.0000  
  20/09/15   -1.35739    15.9522   238.0000     0.0000  
  21/09/15   -1.03179    16.3430   238.0000     0.0000  
  22/09/15  -10.55171    15.0533   238.0000     0.0000  
  23/09/15   -7.93765    13.6183   238.0000     0.0000  
  24/09/15   -7.45639    13.6104   238.0000     0.0000  
  25/09/15   -6.58091    14.6406   238.0000     0.0000  
  26/09/15   -7.16062    15.0296   238.0000     0.0000  
  27/09/15  -13.25135    14.6216   238.0000     0.0000  
  28/09/15  -23.80862    14.6319   238.0000     0.0000  
  29/09/15  -22.43798    15.1363   238.0000     0.0000  
  30/09/15  -39.12618    15.3153   238.0000     0.0000 
 
