Open boundary condition file for FCR OUTFLOW FCR50 
Time is in days from day 146, 2015 
Data - (2) Flow (m3/s); (3) Temp. (oC) (4) DO(mg/l); 
ELEVATION = 0FT (0m)
***********************************************  
   npts  =    60    
  20/06/15    0.01707    19.1376   238.0000     0.0000  
  21/06/15    0.01683    19.1288   238.0000     0.0000  
  22/06/15    0.01501    19.1950   238.0000     0.0000  
  23/06/15    0.01390    19.2490   238.0000     0.0000  
  24/06/15    0.01268    19.8919   238.0000     0.0000  
  25/06/15    0.01055    20.4425   238.0000     0.0000  
  26/06/15    0.01002    20.4887   238.0000     0.0000  
  27/06/15    0.01002    20.6714   238.0000     0.0000  
  28/06/15    0.01261    20.6364   238.0000     0.0000  
  29/06/15    0.01035    19.9190   238.0000     0.0000  
  30/06/15    0.00944    20.4110   238.0000     0.0000  
  01/07/15    0.01069    21.0599   238.0000     0.0000  
  02/07/15    0.00976    21.4199   238.0000     0.0000  
  03/07/15    0.00912    20.5170   238.0000     0.0000  
  04/07/15    0.00963    19.7421   238.0000     0.0000  
  05/07/15    0.00918    19.4869   238.0000     0.0000  
  06/07/15    0.01576    19.8524   238.0000     0.0000  
  07/07/15    0.01668    20.4299   238.0000     0.0000  
  08/07/15    0.01478    20.7188   238.0000     0.0000  
  09/07/15    0.01464    20.5198   238.0000     0.0000  
  10/07/15    0.01191    20.4784   238.0000     0.0000  
  11/07/15    0.01089    20.4807   238.0000     0.0000  
  12/07/15    0.01042    20.9452   238.0000     0.0000  
  13/07/15    0.01645    21.1351   238.0000     0.0000  
  14/07/15    0.02618    21.3573   238.0000     0.0000  
  15/07/15    0.02269    20.8722   238.0000     0.0000  
  16/07/15    0.01817    20.0547   238.0000     0.0000  
  17/07/15    0.01546    19.7469   238.0000     0.0000  
  18/07/15    0.01516    19.8926   238.0000     0.0000  
  19/07/15    0.01471    19.8076   238.0000     0.0000  
  20/07/15    0.01361    19.8319   238.0000     0.0000  
  21/07/15    0.01240    20.0819   238.0000     0.0000  
  22/07/15    0.01062    20.6660   238.0000     0.0000  
  23/07/15    0.00944    21.3912   238.0000     0.0000  
  24/07/15    0.00855    20.8521   238.0000     0.0000  
  25/07/15    0.00818    20.1863   238.0000     0.0000  
  26/07/15    0.00764    21.4505   238.0000     0.0000  
  27/07/15    0.00693    21.4802   238.0000     0.0000  
  28/07/15    0.00693    20.2076   238.0000     0.0000  
  29/07/15    0.01055    19.2396   238.0000     0.0000  
  30/07/15    0.00868    19.0233   238.0000     0.0000  
  31/07/15    0.00862    19.5264   238.0000     0.0000  
  01/08/15    0.00716    19.1124   238.0000     0.0000  
  02/08/15    0.00647    18.7362   238.0000     0.0000  
  03/08/15    0.00591    19.1280   238.0000     0.0000  
  04/08/15    0.00536    19.6192   238.0000     0.0000  
  05/08/15    0.00484    20.4534   238.0000     0.0000  
  06/08/15    0.00468    20.6013   238.0000     0.0000  
  07/08/15    0.00494    20.7626   238.0000     0.0000  
  08/08/15    0.00468    20.3350   238.0000     0.0000  
  09/08/15    0.00423    18.5925   238.0000     0.0000  
  10/08/15    0.00413    18.2203   238.0000     0.0000  
  11/08/15    0.01833    17.9297   238.0000     0.0000  
  12/08/15    0.00818    17.3336   238.0000     0.0000  
  13/08/15    0.00776    17.5919   238.0000     0.0000  
  14/08/15    0.00740    17.6033   238.0000     0.0000  
  15/08/15    0.00664    18.2146   238.0000     0.0000  
  16/08/15    0.00652    18.3911   238.0000     0.0000  
  17/08/15    0.00596    18.9186   238.0000     0.0000  
  18/08/15    0.00569    19.0561   238.0000     0.0000  
  19/08/15    0.00542    19.2091   238.0000     0.0000  
  20/08/15    0.00552    19.7221   238.0000     0.0000  
  21/08/15    0.00552    20.3060   238.0000     0.0000  
  22/08/15    0.00468    20.1264   238.0000     0.0000  
  23/08/15    0.00423    19.9548   238.0000     0.0000  
  24/08/15    0.00423    18.7465   238.0000     0.0000  
  25/08/15    0.00384    18.6031   238.0000     0.0000  
  26/08/15    0.00310    18.8315   238.0000     0.0000  
  27/08/15    0.00433    19.3445   238.0000     0.0000  
  28/08/15    0.00399    20.1966   238.0000     0.0000  
  29/08/15    0.00360    19.1492   238.0000     0.0000  
  30/08/15    0.00360    20.1355   238.0000     0.0000  
  31/08/15    0.00342    20.6166   238.0000     0.0000  
  01/09/15    0.00323    20.8788   238.0000     0.0000  
  02/09/15    0.00292    20.9710   238.0000     0.0000  
  03/09/15    0.00288    20.5521   238.0000     0.0000  
  04/09/15    0.00279    20.5697   238.0000     0.0000  
  05/09/15    0.00585    20.4989   238.0000     0.0000  
  06/09/15    0.00569    20.5948   238.0000     0.0000  
  07/09/15    0.00515    19.6331   238.0000     0.0000  
  08/09/15    0.00463    18.4243   238.0000     0.0000  
  09/09/15    0.00453    18.1458   238.0000     0.0000  
  10/09/15    0.00443    18.3807   238.0000     0.0000  
  11/09/15    0.00438    18.7805   238.0000     0.0000  
  12/09/15    0.00370    18.4609   238.0000     0.0000  
  13/09/15    0.00342    17.3445   238.0000     0.0000  
  14/09/15    0.00305    16.0378   238.0000     0.0000  
  15/09/15    0.00233    16.4268   238.0000     0.0000  
  16/09/15    0.00194    16.8286   238.0000     0.0000  
  17/09/15    0.00186    15.9927   238.0000     0.0000  
  18/09/15    0.00171    16.1123   238.0000     0.0000  
  19/09/15    0.00150    15.8952   238.0000     0.0000  
  20/09/15    0.00136    15.9522   238.0000     0.0000  
  21/09/15    0.00103    16.3430   238.0000     0.0000  
  22/09/15    0.01055    15.0533   238.0000     0.0000  
  23/09/15    0.00794    13.6183   238.0000     0.0000  
  24/09/15    0.00746    13.6104   238.0000     0.0000  
  25/09/15    0.00658    14.6406   238.0000     0.0000  
  26/09/15    0.00716    15.0296   238.0000     0.0000  
  27/09/15    0.01325    14.6216   238.0000     0.0000  
  28/09/15    0.02381    14.6319   238.0000     0.0000  
  29/09/15    0.02244    15.1363   238.0000     0.0000  
  30/09/15    0.03913    15.3153   238.0000     0.0000 

