Initial condition file for FCR - uniform conditions  
Field data for day 171.5, 2016 20Jun - 
Simulations starting on day 2016  20Jun - 
Depths (m) not used;  Temp (oC); DO concentration  - 
Source: Data provided by CC profile on 4/1/13
     -0.15    23.8218   296.1440
     -0.15    23.8218   296.1440 
     -0.45    23.8218   296.1440 
     -0.75    24.0749   268.0413 
     -1.05    23.8282   297.3142 
     -1.35    23.7213   285.5738 
     -1.65    23.1727   269.5878 
     -1.95    23.6130   296.2128 
     -2.25    23.3646   315.9510 
     -2.55    21.5243   264.1318 
     -2.85    21.2820   389.4502 
     -3.15    20.2316   331.3126 
     -3.45    19.0548   476.7853 
     -3.75    18.0618   320.7547 
     -4.05    17.0043   316.5851 
     -4.35    16.4228   230.1923 
     -4.65    15.4279   129.5613 
     -4.95    14.3658   135.4332 
     -5.25    13.7107   154.0956 
     -5.55    12.4441   326.1316 
     -5.85    11.9432   426.7731 
     -6.15    11.8362   434.7125 
     -6.45    11.8676   437.7905 
     -6.75    11.8673   439.2192 
     -7.05    11.7937   434.9946 
     -7.35    11.7798   432.7866 
     -7.65    11.7732   431.5136 
     -7.95    11.8394   439.1560 
     -8.25    11.8319   438.8355 
     -8.55    11.8254   439.1802 
     -8.85    11.8223   439.6045 
     -9.15    11.8206   439.1024 
     -9.45    11.8201   439.7789 
     -9.75    11.8159   438.9847 
    -10.05    11.8159   438.9847 
    -10.35    11.8159   438.9847 
    -10.35    11.8159   438.9847      
    -10.35    11.8159   438.9847 
    -10.35    11.8159   438.9847   
    -10.35    11.8159   438.9847
     


     
