Open boundary condition file for FCR OUTFLOW FCR50 
Time is in days from day 146, 2015 
Data - (2) Flow (m3/s); (3) Temp. (oC) (4) DO(mg/l); 
ELEVATION = 0FT (0m)
***********************************************  
   npts  =    30    
 5/26/2016    0.03500    16.6798   238.0000     0.0000  
 5/27/2016    0.03442    17.8761   238.0000     0.0000  
 5/28/2016    0.03338    18.5776   238.0000     0.0000  
 5/29/2016    0.03275    17.8071   238.0000     0.0000  
 5/30/2016    0.03410    17.8669   238.0000     0.0000  
 5/31/2016    0.03391    18.8412   238.0000     0.0000  
 06/01/201    0.03216    19.3946   238.0000     0.0000  
 06/02/201    0.02963    19.6774   238.0000     0.0000  
 06/03/201    0.02750    19.7041   238.0000     0.0000  
 06/04/201    0.02609    19.9097   238.0000     0.0000  
 06/05/201    0.02831    19.8436   238.0000     0.0000  
 06/06/201    0.02609    19.2816   238.0000     0.0000  
 06/07/201    0.02277    18.7479   238.0000     0.0000  
 06/08/201    0.01941    16.9371   238.0000     0.0000  
 06/09/201    0.01837    16.2646   238.0000     0.0000  
 06/10/201    0.01765    17.4060   238.0000     0.0000  
 06/11/201    0.01770    18.6839   238.0000     0.0000  
 06/12/201    0.01706    19.2504   238.0000     0.0000  
 6/13/2016    0.01550    17.6168   238.0000     0.0000  
 6/14/2016    0.01420    17.9089   238.0000     0.0000  
 6/15/2016    0.01767    18.3952   238.0000     0.0000  
 6/16/2016    0.02546    19.4131   238.0000     0.0000  
 6/17/2016    0.03096    19.0349   238.0000     0.0000  
 6/18/2016    0.02639    18.5867   238.0000     0.0000  
 6/19/2016    0.02178    18.4064   238.0000     0.0000  
 6/20/2016    0.02004    19.0279   238.0000     0.0000  
 6/21/2016    0.01979    19.6864   238.0000     0.0000  
 6/22/2016    0.01891    19.1478   238.0000     0.0000  
 6/23/2016    0.02436    18.6468   238.0000     0.0000  
 6/24/2016    0.03445    18.7230   238.0000     0.0000  
 6/25/2016    0.03097    19.1374   238.0000     0.0000  
 6/26/2016    0.02794    19.4544   238.0000     0.0000  
 6/27/2016    0.02534    19.8010   238.0000     0.0000  
 6/28/2016    0.02362    20.1450   238.0000     0.0000  
 6/29/2016    0.02009    19.8022   238.0000     0.0000  
 6/30/2016    0.01897    19.2580   238.0000     0.0000  
 07/01/201    0.01832    19.9862   238.0000     0.0000  
 07/02/201    0.01876    20.0719   238.0000     0.0000  
 07/03/201    0.02561    19.3022   238.0000     0.0000  
 07/04/201    0.02634    18.8280   238.0000     0.0000  
 07/05/201    0.03017    19.5709   238.0000     0.0000  
 07/06/201    0.02565    20.2356   238.0000     0.0000  
 07/07/201    0.02193    20.2546   238.0000     0.0000  
 07/08/201    0.02170    19.8233   238.0000     0.0000  
 07/09/201    0.02107    19.9482   238.0000     0.0000  
 07/10/201    0.01864    19.8455   238.0000     0.0000  
 07/11/201    0.01736    20.0616   238.0000     0.0000  
 07/12/201    0.02274    20.4417   238.0000     0.0000  
 7/13/2016    0.02390    20.5711   238.0000     0.0000  
 7/14/2016    0.02194    20.4928   238.0000     0.0000  

  
  