Open boundary condition file for FCR INFLOW 1 
Time is in days from day 146, 2015 
Data - (2) Flow (m3/s); (3) Temp. (oC) (4) DO(mg/l); 
ELEVATION = 0FT (0m)
***********************************************  
   npts  =    30   
 5/26/2016  -35.00391    16.6798   238.0000     0.0000  
 5/27/2016  -34.41843    17.8761   238.0000     0.0000  
 5/28/2016  -33.38014    18.5776   238.0000     0.0000  
 5/29/2016  -32.75050    17.8071   238.0000     0.0000  
 5/30/2016  -34.09969    17.8669   238.0000     0.0000  
 5/31/2016  -33.90960    18.8412   238.0000     0.0000  
 06/01/201  -32.16027    19.3946   238.0000     0.0000  
 06/02/201  -29.62734    19.6774   238.0000     0.0000  
 06/03/201  -27.49669    19.7041   238.0000     0.0000  
 06/04/201  -26.09286    19.9097   238.0000     0.0000  
 06/05/201  -28.31089    19.8436   238.0000     0.0000  
 06/06/201  -26.09402    19.2816   238.0000     0.0000  
 06/07/201  -22.76705    18.7479   238.0000     0.0000  
 06/08/201  -19.40565    16.9371   238.0000     0.0000  
 06/09/201  -18.37442    16.2646   238.0000     0.0000  
 06/10/201  -17.64696    17.4060   238.0000     0.0000  
 06/11/201  -17.69646    18.6839   238.0000     0.0000  
 06/12/201  -17.06319    19.2504   238.0000     0.0000  
 6/13/2016  -15.50299    17.6168   238.0000     0.0000  
 6/14/2016  -14.20355    17.9089   238.0000     0.0000  
 6/15/2016  -17.67424    18.3952   238.0000     0.0000  
 6/16/2016  -25.46037    19.4131   238.0000     0.0000  
 6/17/2016  -30.96141    19.0349   238.0000     0.0000  
 6/18/2016  -26.39326    18.5867   238.0000     0.0000  
 6/19/2016  -21.78113    18.4064   238.0000     0.0000  
 6/20/2016  -20.03663    19.0279   238.0000     0.0000  
 6/21/2016  -19.78643    19.6864   238.0000     0.0000  
 6/22/2016  -18.91216    19.1478   238.0000     0.0000  
 6/23/2016  -24.36151    18.6468   238.0000     0.0000  
 6/24/2016  -34.44948    18.7230   238.0000     0.0000  
 6/25/2016  -30.96811    19.1374   238.0000     0.0000  
 6/26/2016  -27.94337    19.4544   238.0000     0.0000  
 6/27/2016  -25.34256    19.8010   238.0000     0.0000  
 6/28/2016  -23.62376    20.1450   238.0000     0.0000  
 6/29/2016  -20.08744    19.8022   238.0000     0.0000  
 6/30/2016  -18.97061    19.2580   238.0000     0.0000  
 07/01/201  -18.32386    19.9862   238.0000     0.0000  
 07/02/201  -18.75672    20.0719   238.0000     0.0000  
 07/03/201  -25.61274    19.3022   238.0000     0.0000  
 07/04/201  -26.34368    18.8280   238.0000     0.0000  
 07/05/201  -30.17011    19.5709   238.0000     0.0000  
 07/06/201  -25.65256    20.2356   238.0000     0.0000  
 07/07/201  -21.93091    20.2546   238.0000     0.0000  
 07/08/201  -21.70276    19.8233   238.0000     0.0000  
 07/09/201  -21.06598    19.9482   238.0000     0.0000  
 07/10/201  -18.63732    19.8455   238.0000     0.0000  
 07/11/201  -17.36005    20.0616   238.0000     0.0000  
 07/12/201  -22.73655    20.4417   238.0000     0.0000  
 7/13/2016  -23.90117    20.5711   238.0000     0.0000  
 7/14/2016  -21.93645    20.4928   238.0000     0.0000    
 

