Initial condition file for FCR - uniform conditions  
Field data for day 146, 2015 27May - 
Simulations starting on day 2015  05Jul - 
Depths (m) not used;  Temp (oC); DO concentration  - 
Source: Data provided by CC profile on 4/1/13 
     -0.15    20.6138   236.4045     0.0000 
     -0.15    20.6138   236.4045     0.0000 
     -0.44    20.6138   236.4045     0.0000 
     -0.72    20.3542   296.7094     0.0000 
     -1.01    18.5693   320.7053     0.0000 
     -1.29    18.2597   320.4954     0.0000 
     -1.58    17.9631   320.1661     0.0000 
     -1.87    17.6076   321.6907     0.0000 
     -2.15    17.2876   322.5801     0.0000 
     -2.44    16.9378   328.0097     0.0000 
     -2.72    16.5705   321.5543     0.0000 
     -3.01    16.0219   319.0702     0.0000 
     -3.30    15.4870   304.7168     0.0000 
     -3.58    15.0873   294.9784     0.0000 
     -3.87    14.5831   297.8482     0.0000 
     -4.15    13.8921   299.6931     0.0000 
     -4.44    12.6857   272.7992     0.0000 
     -4.73    11.5547   288.2870     0.0000 
     -5.01    10.8216   419.6286     0.0000 
     -5.30    10.5029   440.5882     0.0000 
     -5.58    10.4836   442.9651     0.0000 
     -5.87    10.4709   444.3256     0.0000 
     -6.15    10.4732   445.2923     0.0000 
     -6.44    10.4638   445.8518     0.0000 
     -6.73    10.4538   445.8404     0.0000 
     -7.01    10.4418   445.5423     0.0000 
     -7.30    10.4316   444.9224     0.0000 
     -7.58    10.4321   444.3536     0.0000 
     -7.87    10.4357   445.0821     0.0000 
     -8.16    10.4347   445.7012     0.0000 
     -8.44    10.4349   445.1115     0.0000 
     -8.73    10.4296   445.3272     0.0000 
     -9.01    10.4286   444.6709     0.0000 
     -9.30    10.4270   445.6640     0.0000 
     -9.60    10.4270   445.6640     0.0000 
     -9.90    10.4270   445.6640     0.0000
    -10.20    10.4270   445.6640     0.0000
    -10.50    10.4270   445.6640     0.0000
    -10.80    10.4270   445.6640     0.0000
    -10.80    10.4270   445.6640     0.0000