Initial condition file for FCR - uniform conditions EM3 
Field data for day 202, 2016 21Jul - 
Simulations starting on day 2016  21Jul - 
Depths (m) not used;  Temp (oC); DO concentration  - 
Source: Data provided by CC profile on 4/1/13 
     -0.15    26.8587   231.0198     0.0000 
     -0.15    26.8587   231.0198     0.0000 
     -0.45    26.8587   231.0198     0.0000 
     -0.74    26.8679   207.7842     0.0000 
     -1.04    26.8566   226.7085     0.0000 
     -1.33    26.7993   213.4513     0.0000 
     -1.63    26.7736   201.0681     0.0000 
     -1.92    26.6555   218.3896     0.0000 
     -2.22    25.7258   234.5415     0.0000 
     -2.51    24.7727   271.9657     0.0000 
     -2.81    23.9052   333.4079     0.0000 
     -3.10    23.0556   336.4155     0.0000 
     -3.40    21.5461   234.7806     0.0000 
     -3.69    20.8114   201.7093     0.0000 
     -3.99    19.9170   126.7422     0.0000 
     -4.28    19.2412    83.8525     0.0000 
     -4.58    18.4705    42.2859     0.0000 
     -4.88    17.5884    17.8830     0.0000 
     -5.17    16.5187     8.7155     0.0000 
     -5.47    15.7050     7.0998     0.0000 
     -5.76    14.7819    60.3273     0.0000 
     -6.06    14.0938   211.4695     0.0000 
     -6.35    13.6133   279.8637     0.0000 
     -6.65    13.5237   285.0127     0.0000 
     -6.94    13.4981   287.3240     0.0000 
     -7.24    13.4775   289.1295     0.0000 
     -7.53    13.4637   289.6256     0.0000 
     -7.83    13.4574   290.5747     0.0000 
     -8.12    13.4508   291.3324     0.0000 
     -8.42    13.4449   290.0497     0.0000 
     -8.71    13.4420   291.8742     0.0000 
     -9.01    13.4308   291.8494     0.0000 
     -9.30    13.4280   291.9173     0.0000 
     -9.60    13.4233   291.2106     0.0000 
     -9.90    13.4233   291.2106     0.0000 
    -10.20    13.4233   291.2106     0.0000 
    -10.50    13.4233   291.2106     0.0000     
    -10.80    13.4233   291.2106     0.0000 
    -10.80    13.4233   291.2106     0.0000 



     
