Surface boundary condition file for si3d model 
Falling Creek simulations 
Time is in given in hours from 12:00 hrs on julian day 202.5,2016 
   Time in   // Data format is (10X,G11.2,...) Time attc Hsw Ta Pa hr cc cw ua va 
   60-min    // SOURCE = Greg Lawrence (UBC) 
 intervals  (Note : file prepared on 15-Aug-2016 
   npts = 890 
    0.0000     0.7000   623.4718    28.2100 97347.5000     0.6119     0.0000     0.0010     1.6547     1.7973
    0.3333     0.7000   651.1820    29.7800 97347.5000     0.6215     0.0000     0.0010     1.2520     1.5776
    0.6667     0.7000   704.9280    30.1100 97347.5000     0.6001     0.0000     0.0010    -0.0410     2.2066
    1.0000     0.7000   685.2125    29.2500 97347.5000     0.5549     0.0000     0.0010    -0.0644    -0.3796
    1.3333     0.7000   683.7775    29.8500 97347.5000     0.5803     0.0000     0.0010     1.4301     0.2205
    1.6667     0.7000   720.7655    30.2100 97347.5000     0.5655     0.0000     0.0010     0.7290     0.5791
    2.0000     0.7000   659.6184    32.2700 97347.5000     0.5907     0.0000     0.0010     1.0074    -0.5207
    2.3333     0.7000   499.8652    30.6800 97347.5000     0.6038     0.0000     0.0010     0.0175    -0.8608
    2.6667     0.7000   614.5440    34.3400 97347.5000     0.5527     0.0000     0.0010     1.2232     0.1472
    3.0000     0.7000   605.3292    32.5200 97347.5000     0.5979     0.0000     0.0010    -0.6477    -0.7931
    3.3333     0.7000   557.4534    31.4300 97347.5000     0.5323     0.0000     0.0010     0.2223     1.5946
    3.6667     0.7000   523.2114    31.0600 97347.5000     0.5279     0.0000     0.0010    -0.2535     0.9973
    4.0000     0.7000   133.2199    32.6500 97347.5000     0.6011     0.0000     0.0010     0.6342    -0.1931
    4.3333     0.7000   133.5243    31.2900 97347.5000     0.6172     0.0000     0.0010     0.7622    -0.1751
    4.6667     0.7000   389.0624    32.5800 97347.5000     0.5652     0.0000     0.0010     0.0859     1.0595
    5.0000     0.7000   324.1560    32.2900 97347.5000     0.5879     0.0000     0.0010     1.0545     0.3685
    5.3333     0.7000   270.3109    31.6200 97347.5000     0.6326     0.0000     0.0010     0.9860     0.2452
    5.6667     0.7000   188.0340    30.7500 97347.5000     0.6420     0.0000     0.0010     0.5638    -0.0368
    6.0000     0.7000   164.0439    30.7300 97347.5000     0.6338     0.0000     0.0010     1.8386     0.6498
    6.3333     0.7000    97.2849    30.9400 97347.5000     0.6596     0.0000     0.0010    -0.1080     0.3413
    6.6667     0.7000    77.2033    30.1200 97347.5000     0.6504     0.0000     0.0010     0.4102     0.3663
    7.0000     0.7000    56.4757    28.5500 97347.5000     0.7920     0.0000     0.0010     0.0149    -0.5138
    7.3333     0.7000    38.6264    27.3500 97347.5000     0.8120     0.0000     0.0010     0.1436    -0.3421
    7.6667     0.7000    19.6647    27.5400 97347.5000     0.8390     0.0000     0.0010    -0.4101    -0.7605
    8.0000     0.7000     3.2519    25.9100 97347.5000     0.8490     0.0000     0.0010    -0.1064    -0.2826
    8.3333     0.7000     0.0000    26.8200 97347.5000     0.8860     0.0000     0.0010    -0.5854    -0.7897
    8.6667     0.7000     0.0000    25.9900 97347.5000     0.9040     0.0000     0.0010    -0.7891    -0.8088
    9.0000     0.7000     0.0000    28.7300 97347.5000     0.9510     0.0000     0.0010    -0.3739    -0.7756
    9.3333     0.7000     0.0000    27.7000 97347.5000     0.9470     0.0000     0.0010    -0.0169    -0.8538
    9.6667     0.7000     0.0000    27.6300 97347.5000     0.9590     0.0000     0.0010    -0.3868    -1.1950
   10.0000     0.7000     0.0000    27.4400 97347.5000     0.9730     0.0000     0.0010     0.0919    -1.3970
   10.3333     0.7000     0.0000    26.8200 97347.5000     0.9690     0.0000     0.0010     0.4154    -0.9130
   10.6667     0.7000     0.0000    26.0400 97347.5000     0.9650     0.0000     0.0010     0.0387    -1.1884
   11.0000     0.7000     0.0000    25.8100 97347.5000     0.9680     0.0000     0.0010     0.0699    -0.7738
   11.3333     0.7000     0.0000    25.4700 97347.5000     0.9710     0.0000     0.0010     0.4652    -0.9469
   11.6667     0.7000     0.0000    26.1300 97347.5000     0.9800     0.0000     0.0010    -0.7880    -1.0689
   12.0000     0.7000     0.0000    24.6800 97347.5000     0.9770     0.0000     0.0010     0.0966    -0.4987
   12.3333     0.7000     0.0000    25.2200 97347.5000     0.9850     0.0000     0.0010    -0.0310    -0.6743
   12.6667     0.7000     0.0000    23.1200 97347.5000     0.9640     0.0000     0.0010    -0.5684    -0.2647
   13.0000     0.7000     0.0000    23.2400 97347.5000     0.9730     0.0000     0.0010    -0.1260    -1.3240
   13.3333     0.7000     0.0000    22.4300 97347.5000     0.9650     0.0000     0.0010    -0.3417    -0.1393
   13.6667     0.7000     0.0000    22.4300 97347.5000     0.9650     0.0000     0.0010    -0.2012    -1.0509
   14.0000     0.7000     0.0000    22.1100 97347.5000     0.9650     0.0000     0.0010    -0.6068    -0.0520
   14.3333     0.7000     0.0000    22.4400 97347.5000     0.9710     0.0000     0.0010    -0.4947     0.1014
   14.6667     0.7000     0.0000    22.6400 97347.5000     0.9780     0.0000     0.0010    -0.6588    -0.9802
   15.0000     0.7000     0.0000    25.4700 97347.5000     1.0000     0.0000     0.0010    -0.6877    -1.4203
   15.3333     0.7000     0.0000    24.3800 97347.5000     1.0000     0.0000     0.0010    -0.1630    -1.8498
   15.6667     0.7000     0.0000    24.2600 97347.5000     1.0000     0.0000     0.0010    -0.7770    -1.4409
   16.0000     0.7000     0.0000    24.3500 97347.5000     1.0000     0.0000     0.0010     0.1323    -2.1860
   16.3333     0.7000     0.0000    23.6400 97347.5000     0.9990     0.0000     0.0010     0.1156    -2.0908
   16.6667     0.7000     0.0000    23.6700 97347.5000     0.9980     0.0000     0.0010    -0.2930    -2.9173
   17.0000     0.7000     0.0000    24.9300 97347.5000     0.9730     0.0000     0.0010    -0.4823    -1.5643
   17.3333     0.7000     0.0000    24.4300 97347.5000     0.9920     0.0000     0.0010     0.2233    -1.9704
   17.6667     0.7000     0.0000    23.7600 97347.5000     0.9920     0.0000     0.0010    -0.5340    -1.9471
   18.0000     0.7000     0.0000    24.4200 97347.5000     0.9910     0.0000     0.0010    -1.0648    -0.3026
   18.3333     0.7000     4.5036    24.4100 97347.5000     0.9890     0.0000     0.0010    -0.3692    -1.5455
   18.6667     0.7000    20.2860    25.2000 97347.5000     0.9660     0.0000     0.0010    -0.8684    -1.9843
   19.0000     0.7000    26.5805    24.7400 97347.5000     0.8810     0.0000     0.0010    -1.5002    -1.1364
   19.3333     0.7000    41.5362    24.0900 97347.5000     0.8660     0.0000     0.0010    -1.1017    -1.6392
   19.6667     0.7000    45.8085    25.4500 97347.5000     0.8530     0.0000     0.0010    -1.9004    -0.4877
   20.0000     0.7000   141.6920    24.6400 97347.5000     0.8870     0.0000     0.0010    -0.4725    -0.6579
   20.3333     0.7000   236.3150    26.4800 97347.5000     0.8310     0.0000     0.0010    -0.3099    -0.5748
   20.6667     0.7000   246.6184    25.6800 97347.5000     0.8090     0.0000     0.0010    -0.3029    -0.6730
   21.0000     0.7000    85.0045    26.2000 97347.5000     0.7846     0.0000     0.0010    -1.2290    -0.9897
   21.3333     0.7000   338.5074    27.2400 97347.5000     0.7692     0.0000     0.0010    -0.2854    -1.6129
   21.6667     0.7000   399.4614    27.6800 97347.5000     0.7215     0.0000     0.0010    -1.9185     0.7225
   22.0000     0.7000   474.0271    28.0200 97347.5000     0.6946     0.0000     0.0010    -0.6348    -0.8613
   22.3333     0.7000   491.4938    27.1300 97347.5000     0.6447     0.0000     0.0010    -1.2074    -1.1954
   22.6667     0.7000   545.6581    27.9500 97347.5000     0.6640     0.0000     0.0010    -0.5821    -0.3236
   23.0000     0.7000   575.8368    28.3900 97347.5000     0.6422     0.0000     0.0010     0.8848    -0.1806
   23.3333     0.7000   590.4766    28.5900 97347.5000     0.6007     0.0000     0.0010     0.1537     0.7208
   23.6667     0.7000   621.2395    29.5200 97347.5000     0.6033     0.0000     0.0010    -0.6135    -0.1430
   24.0000     0.7000   630.3906    30.5900 97347.5000     0.5878     0.0000     0.0010    -0.3288     0.3246
   24.3333     0.7000   626.2620    32.6700 97347.5000     0.5623     0.0000     0.0010    -0.0643     1.4946
   24.6667     0.7000   637.6720    31.9400 97347.5000     0.5769     0.0000     0.0010    -0.0337    -0.8633
   25.0000     0.7000   634.3785    32.1000 97347.5000     0.5846     0.0000     0.0010     0.0790    -0.8262
   25.3333     0.7000   640.4202    32.3500 97347.5000     0.5053     0.0000     0.0010     0.0769     0.9278
   25.6667     0.7000   636.4134    31.2000 97347.5000     0.4994     0.0000     0.0010    -0.1928    -0.4110
   26.0000     0.7000   623.1204    30.9800 97347.5000     0.4838     0.0000     0.0010    -0.6730    -0.3883
   26.3333     0.7000   660.3142    31.1400 97347.5000     0.4743     0.0000     0.0010    -1.7104    -1.2475
   26.6667     0.7000   668.2858    30.8500 97347.5000     0.4488     0.0000     0.0010    -0.2186    -1.6092
   27.0000     0.7000   141.7954    30.6200 97347.5000     0.5077     0.0000     0.0010    -0.3917     0.0146
   27.3333     0.7000   552.7893    30.8200 97347.5000     0.4693     0.0000     0.0010    -0.9049    -1.0956
   27.6667     0.7000   326.5815    31.8000 97347.5000     0.4432     0.0000     0.0010    -0.5110    -1.0101
   28.0000     0.7000   484.4742    28.9900 97347.5000     0.6332     0.0000     0.0010     0.1140    -0.8151
   28.3333     0.7000   455.3605    29.5300 97347.5000     0.6315     0.0000     0.0010     0.1366    -1.1187
   28.6667     0.7000   431.8061    30.4200 97347.5000     0.4987     0.0000     0.0010    -0.2691    -3.1806
   29.0000     0.7000   296.2687    30.0000 97347.5000     0.5420     0.0000     0.0010    -1.5517    -1.5666
   29.3333     0.7000   308.2663    29.3400 97347.5000     0.5580     0.0000     0.0010    -0.4291    -1.4091
   29.6667     0.7000   256.6122    29.3000 97347.5000     0.5207     0.0000     0.0010     0.0600    -2.3462
   30.0000     0.7000   219.1108    29.1000 97347.5000     0.5243     0.0000     0.0010    -1.4002    -0.5463
   30.3333     0.7000   154.3846    27.5900 97347.5000     0.6474     0.0000     0.0010    -0.2438    -1.2983
   30.6667     0.7000    34.2080    26.7700 97347.5000     0.6918     0.0000     0.0010    -0.1785    -1.5578
   31.0000     0.7000    24.9021    26.2900 97347.5000     0.7339     0.0000     0.0010     0.2529    -1.1833
   31.3333     0.7000    19.8867    25.9200 97347.5000     0.7755     0.0000     0.0010     0.4903    -2.2000
   31.6667     0.7000    18.9254    26.0500 97347.5000     0.7844     0.0000     0.0010    -0.5468    -1.7956
   32.0000     0.7000     6.4233    25.3000 97347.5000     0.8440     0.0000     0.0010    -1.0085    -2.2613
   32.3333     0.7000     0.0000    25.2300 97347.5000     0.8420     0.0000     0.0010    -0.3130    -2.2746
   32.6667     0.7000     0.0000    25.1800 97347.5000     0.8930     0.0000     0.0010    -0.9735    -2.3233
   33.0000     0.7000     0.0000    25.2400 97347.5000     0.8950     0.0000     0.0010     0.2019    -2.8418
   33.3333     0.7000     0.0000    26.4000 97347.5000     0.9130     0.0000     0.0010    -0.5112    -2.7224
   33.6667     0.7000     0.0000    26.2100 97347.5000     0.9080     0.0000     0.0010     0.4036    -2.4743
   34.0000     0.7000     0.0000    27.5200 97347.5000     0.9120     0.0000     0.0010    -0.9101    -2.5229
   34.3333     0.7000     0.0000    26.9700 97347.5000     0.9440     0.0000     0.0010    -0.1872    -3.4169
   34.6667     0.7000     0.0000    27.3600 97347.5000     0.9320     0.0000     0.0010    -1.0140    -2.4559
   35.0000     0.7000     0.0000    26.9600 97347.5000     0.9450     0.0000     0.0010    -0.1374    -3.5183
   35.3333     0.7000     0.0000    26.3700 97347.5000     0.9380     0.0000     0.0010     0.5508    -2.5993
   35.6667     0.7000     0.0000    26.3500 97347.5000     0.9420     0.0000     0.0010    -0.0460    -3.1557
   36.0000     0.7000     0.0000    26.6300 97347.5000     0.9390     0.0000     0.0010    -0.1346    -3.4484
   36.3333     0.7000     0.0000    26.3000 97347.5000     0.9160     0.0000     0.0010    -0.9008    -2.8857
   36.6667     0.7000     0.0000    26.6500 97347.5000     0.8730     0.0000     0.0010    -1.7719    -2.6346
   37.0000     0.7000     0.0000    26.5400 97347.5000     0.9160     0.0000     0.0010    -0.0182    -3.1109
   37.3333     0.7000     0.0000    26.5500 97347.5000     0.9250     0.0000     0.0010    -1.2056    -3.1513
   37.6667     0.7000     0.0000    27.6200 97347.5000     0.9070     0.0000     0.0010    -1.8406    -2.7366
   38.0000     0.7000     0.0000    27.2000 97347.5000     0.8860     0.0000     0.0010    -1.8326    -4.0332
   38.3333     0.7000     0.0000    27.0600 97347.5000     0.8900     0.0000     0.0010    -1.4564    -1.7698
   38.6667     0.7000     0.0000    26.9700 97347.5000     0.9210     0.0000     0.0010    -1.4054    -1.2184
   39.0000     0.7000     0.0000    26.6700 97347.5000     0.9150     0.0000     0.0010    -0.2021    -2.2058
   39.3333     0.7000     0.0000    26.3900 97347.5000     0.9650     0.0000     0.0010    -0.2722    -2.3050
   39.6667     0.7000     0.0000    27.3600 97347.5000     0.9770     0.0000     0.0010    -0.2370    -2.9224
   40.0000     0.7000     0.0000    24.8200 97347.5000     0.9540     0.0000     0.0010    -0.0879    -3.0787
   40.3333     0.7000     0.0000    24.5600 97347.5000     0.9350     0.0000     0.0010    -0.9612    -2.3630
   40.6667     0.7000     0.0000    24.3900 97347.5000     0.9420     0.0000     0.0010    -1.6816    -1.9422
   41.0000     0.7000     0.0000    24.7200 97347.5000     0.9160     0.0000     0.0010    -2.2741    -1.2206
   41.3333     0.7000     0.0000    24.6200 97347.5000     0.8790     0.0000     0.0010    -1.6616    -2.3437
   41.6667     0.7000     0.0000    24.3900 97347.5000     0.9000     0.0000     0.0010    -1.5404    -2.9049
   42.0000     0.7000     0.0000    24.1000 97347.5000     0.9020     0.0000     0.0010    -1.9033    -1.4423
   42.3333     0.7000     4.1052    24.3700 97347.5000     0.8860     0.0000     0.0010    -1.5569    -2.3164
   42.6667     0.7000    10.0179    24.2600 97347.5000     0.8940     0.0000     0.0010    -1.3622    -2.0268
   43.0000     0.7000    15.8004    25.0700 97347.5000     0.8730     0.0000     0.0010    -1.7145    -1.8564
   43.3333     0.7000    21.1999    26.6800 97347.5000     0.8380     0.0000     0.0010    -1.4545    -3.3553
   43.6667     0.7000    24.5488    26.9900 97347.5000     0.8480     0.0000     0.0010    -0.0495    -1.3271
   44.0000     0.7000    92.6734    26.2200 97347.5000     0.7993     0.0000     0.0010    -1.1268    -1.6753
   44.3333     0.7000   261.4858    26.5900 97347.5000     0.7401     0.0000     0.0010    -1.0232    -2.8520
   44.6667     0.7000   305.2896    26.4500 97347.5000     0.6741     0.0000     0.0011    -1.0878    -5.2362
   45.0000     0.7000    25.4485    26.7400 97347.5000     0.6679     0.0000     0.0011    -1.1691    -5.1725
   45.3333     0.7000   282.2952    27.2400 97347.5000     0.6582     0.0000     0.0010     0.0615    -4.6136
   45.6667     0.7000   431.9815    27.4700 97347.5000     0.6504     0.0000     0.0011    -0.0520    -5.5568
   46.0000     0.7000   472.6974    28.1900 97347.5000     0.5866     0.0000     0.0011    -1.9758    -4.3284
   46.3333     0.7000   510.9634    28.2900 97347.5000     0.5981     0.0000     0.0011    -1.2805    -4.5752
   46.6667     0.7000   546.2422    28.4100 97347.5000     0.5933     0.0000     0.0010    -1.0280    -4.3368
   47.0000     0.7000   578.9840    28.7000 97347.5000     0.5853     0.0000     0.0010    -2.3212    -2.6182
   47.3333     0.7000   605.1199    29.0200 97347.5000     0.5558     0.0000     0.0010    -1.4064    -2.6635
   47.6667     0.7000   627.0040    29.4400 97347.5000     0.5536     0.0000     0.0010    -0.0878    -0.8595
   48.0000     0.7000   641.5500    29.9400 97347.5000     0.4916     0.0000     0.0010    -0.4009     1.1470
   48.3333     0.7000   643.7515    30.3400 97347.5000     0.4901     0.0000     0.0010    -0.1498    -1.1170
   48.6667     0.7000   647.8101    30.9100 97347.5000     0.4742     0.0000     0.0010     0.2582     0.1031
   49.0000     0.7000   647.7996    31.4300 97347.5000     0.4505     0.0000     0.0010     1.1468     1.3364
   49.3333     0.7000   645.1025    31.8100 97347.5000     0.4495     0.0000     0.0010     0.1050    -0.6100
   49.6667     0.7000   639.7300    31.7000 97347.5000     0.4473     0.0000     0.0010     2.0569     1.5089
   50.0000     0.7000   629.0928    31.9800 97347.5000     0.4252     0.0000     0.0010     1.3275     1.3029
   50.3333     0.7000   613.1300    32.3100 97347.5000     0.4470     0.0000     0.0010    -0.0514    -0.2498
   50.6667     0.7000   597.9358    32.1100 97347.5000     0.4597     0.0000     0.0010     0.6828     0.2188
   51.0000     0.7000   572.4103    31.9700 97347.5000     0.4792     0.0000     0.0010     0.4161    -0.7549
   51.3333     0.7000   546.9478    32.2600 97347.5000     0.4787     0.0000     0.0010     1.4974    -0.3330
   51.6667     0.7000   519.0041    32.8800 97347.5000     0.4415     0.0000     0.0010     1.1200     0.7098
   52.0000     0.7000   483.6917    32.5100 97347.5000     0.4115     0.0000     0.0010     1.1467     0.2221
   52.3333     0.7000   442.1827    32.7600 97347.5000     0.4530     0.0000     0.0010     0.0217    -0.0439
   52.6667     0.7000   398.5557    32.6200 97347.5000     0.4460     0.0000     0.0010     0.4982    -0.2108
   53.0000     0.7000   352.8920    31.4800 97347.5000     0.5239     0.0000     0.0010     0.2951    -0.8035
   53.3333     0.7000   308.1753    32.2000 97347.5000     0.4728     0.0000     0.0010     0.4407     0.3615
   53.6667     0.7000   261.0103    31.4300 97347.5000     0.5356     0.0000     0.0010     0.2084    -0.5616
   54.0000     0.7000   216.2992    30.0500 97347.5000     0.6257     0.0000     0.0010    -0.0672    -0.7630
   54.3333     0.7000   190.8545    29.0500 97347.5000     0.6614     0.0000     0.0010    -0.2235    -1.1046
   54.6667     0.7000    27.5908    28.2300 97347.5000     0.6728     0.0000     0.0010     0.0355    -0.5128
   55.0000     0.7000    22.8153    27.7800 97347.5000     0.6857     0.0000     0.0010     0.1900    -0.5965
   55.3333     0.7000    17.0453    27.4300 97347.5000     0.7208     0.0000     0.0010     0.2325    -1.5082
   55.6667     0.7000     9.3861    26.8000 97347.5000     0.7705     0.0000     0.0010    -0.0372    -0.9122
   56.0000     0.7000     2.4134    26.2600 97347.5000     0.8050     0.0000     0.0010    -0.3057    -1.5114
   56.3333     0.7000     0.0000    25.5200 97347.5000     0.8430     0.0000     0.0010    -0.0713    -1.3902
   56.6667     0.7000     0.0000    25.2600 97347.5000     0.8640     0.0000     0.0010     0.0237    -1.4098
   57.0000     0.7000     0.0000    25.0400 97347.5000     0.8950     0.0000     0.0010    -0.4889    -1.5014
   57.3333     0.7000     0.0000    24.6700 97347.5000     0.8940     0.0000     0.0010    -0.5813    -1.3871
   57.6667     0.7000     0.0000    25.1100 97347.5000     0.9040     0.0000     0.0010    -0.3068    -2.0684
   58.0000     0.7000     0.0000    25.3500 97347.5000     0.9140     0.0000     0.0010    -0.5725    -1.8452
   58.3333     0.7000     0.0000    26.2700 97347.5000     0.9370     0.0000     0.0010    -0.5179    -2.3291
   58.6667     0.7000     0.0000    24.8900 97347.5000     0.9110     0.0000     0.0010    -1.2157    -1.6157
   59.0000     0.7000     0.0000    24.6200 97347.5000     0.9240     0.0000     0.0010    -0.9276    -2.0510
   59.3333     0.7000     0.0000    24.6300 97347.5000     0.9160     0.0000     0.0010    -0.9337    -1.3882
   59.6667     0.7000     0.0000    24.7600 97347.5000     0.9280     0.0000     0.0010    -0.7198    -1.3806
   60.0000     0.7000     0.0000    29.1400 97347.5000     1.0000     0.0000     0.0010    -0.5149    -2.9697
   60.3333     0.7000     0.0000    28.9900 97347.5000     0.9920     0.0000     0.0010    -1.1671    -2.6417
   60.6667     0.7000     0.0000    29.2800 97347.5000     1.0000     0.0000     0.0010    -0.3189    -1.8588
   61.0000     0.7000     0.0000    29.3900 97347.5000     1.0000     0.0000     0.0010    -0.4824    -2.7825
   61.3333     0.7000     0.0000    26.4500 97347.5000     0.9870     0.0000     0.0010     0.1408    -2.9156
   61.6667     0.7000     0.0000    26.3900 97347.5000     0.9830     0.0000     0.0010     0.0888    -3.0547
   62.0000     0.7000     0.0000    26.2300 97347.5000     0.9780     0.0000     0.0010    -0.4553    -3.9136
   62.3333     0.7000     0.0000    26.2700 97347.5000     0.9830     0.0000     0.0010    -0.0662    -3.3393
   62.6667     0.7000     0.0000    25.9700 97347.5000     0.9770     0.0000     0.0010    -0.7475    -3.9051
   63.0000     0.7000     0.0000    26.0400 97347.5000     0.9760     0.0000     0.0010    -0.7387    -3.0220
   63.3333     0.7000     0.0000    25.8300 97347.5000     0.9650     0.0000     0.0010    -0.9903    -3.4913
   63.6667     0.7000     0.0000    26.2200 97347.5000     0.9820     0.0000     0.0010    -0.9811    -2.8117
   64.0000     0.7000     0.0000    26.3500 97347.5000     0.9840     0.0000     0.0010    -0.2424    -2.5957
   64.3333     0.7000     0.0000    26.1300 97347.5000     0.9830     0.0000     0.0010    -0.5462    -1.8396
   64.6667     0.7000     0.0000    26.0400 97347.5000     0.9770     0.0000     0.0010    -0.4971    -2.5255
   65.0000     0.7000     0.0000    25.7700 97347.5000     0.9790     0.0000     0.0010    -0.3689    -0.7757
   65.3333     0.7000     0.0000    24.7400 97347.5000     0.9820     0.0000     0.0010    -0.7332    -1.7669
   65.6667     0.7000     0.0000    24.5800 97347.5000     0.9800     0.0000     0.0010    -0.2954    -2.5389
   66.0000     0.7000     0.0000    24.2800 97347.5000     0.9810     0.0000     0.0010    -0.4447    -2.5921
   66.3333     0.7000     6.5855    24.0000 97347.5000     0.9740     0.0000     0.0010     0.0577    -2.2583
   66.6667     0.7000    14.8542    24.0900 97347.5000     0.9570     0.0000     0.0010    -0.5845    -1.1117
   67.0000     0.7000    24.7578    24.3900 97347.5000     0.9590     0.0000     0.0010    -1.1345    -1.6665
   67.3333     0.7000    33.4745    25.0000 97347.5000     0.9530     0.0000     0.0010    -0.3665    -2.3577
   67.6667     0.7000    44.1857    25.4400 97347.5000     0.8520     0.0000     0.0010    -0.7274    -1.9113
   68.0000     0.7000    58.2220    26.0700 97347.5000     0.8230     0.0000     0.0010    -1.0468    -0.8869
   68.3333     0.7000   235.3320    26.0100 97347.5000     0.7979     0.0000     0.0010    -0.9528    -0.9592
   68.6667     0.7000   268.3099    27.1600 97347.5000     0.7647     0.0000     0.0010    -0.7642    -0.3558
   69.0000     0.7000    44.3013    27.1500 97347.5000     0.7624     0.0000     0.0010    -0.6415    -0.8663
   69.3333     0.7000   242.3652    27.8000 97347.5000     0.6964     0.0000     0.0010    -0.6785    -0.2410
   69.6667     0.7000   415.3026    28.7200 97347.5000     0.6703     0.0000     0.0010    -0.2194    -0.1395
   70.0000     0.7000   448.4357    29.2500 97347.5000     0.6654     0.0000     0.0010    -0.3672    -0.5460
   70.3333     0.7000   485.6359    29.8400 97347.5000     0.6970     0.0000     0.0010    -0.0738    -0.0565
   70.6667     0.7000   514.7205    31.3900 97347.5000     0.5955     0.0000     0.0010     0.2619     0.7464
   71.0000     0.7000   545.7130    30.8700 97347.5000     0.5979     0.0000     0.0010     0.5629     0.8241
   71.3333     0.7000   587.1285    31.2900 97347.5000     0.5546     0.0000     0.0010    -0.2779     2.2751
   71.6667     0.7000   575.3538    31.7100 97347.5000     0.5160     0.0000     0.0010     0.3007     0.7543
   72.0000     0.7000   558.2871    31.7400 97347.5000     0.5263     0.0000     0.0010    -0.2450     0.6461
   72.3333     0.7000   600.4656    31.9900 97347.5000     0.5062     0.0000     0.0010    -0.6201     0.5118
   72.6667     0.7000   637.0112    32.1200 97347.5000     0.4747     0.0000     0.0010    -0.0519    -0.2189
   73.0000     0.7000   630.3640    32.2900 97347.5000     0.4891     0.0000     0.0010    -0.2302     0.8379
   73.3333     0.7000   638.4147    32.1300 97347.5000     0.4799     0.0000     0.0010    -1.8019    -0.6425
   73.6667     0.7000   630.4144    33.1100 97347.5000     0.4723     0.0000     0.0010     1.4306     1.3559
   74.0000     0.7000   628.4292    32.5000 97347.5000     0.4972     0.0000     0.0010     2.5725     1.4005
   74.3333     0.7000   615.2132    32.6400 97347.5000     0.5080     0.0000     0.0010     2.4944     0.6434
   74.6667     0.7000   576.9274    32.6500 97347.5000     0.5073     0.0000     0.0010     0.3600     0.3295
   75.0000     0.7000   541.5340    33.2000 97347.5000     0.5028     0.0000     0.0010     0.2565    -0.1963
   75.3333     0.7000   519.1080    33.0700 97347.5000     0.4898     0.0000     0.0010     0.9184     2.2465
   75.6667     0.7000   505.1913    32.2500 97347.5000     0.5116     0.0000     0.0010     1.2569     1.0093
   76.0000     0.7000   478.7552    32.8400 97347.5000     0.5062     0.0000     0.0010     1.3916    -1.4378
   76.3333     0.7000   435.3422    32.8600 97347.5000     0.5229     0.0000     0.0010     1.8104     0.4134
   76.6667     0.7000   388.5672    32.5500 97347.5000     0.5171     0.0000     0.0010     1.3698     1.4019
   77.0000     0.7000   349.9384    32.5500 97347.5000     0.5511     0.0000     0.0010     0.3672     1.5491
   77.3333     0.7000   308.4570    32.5100 97347.5000     0.4940     0.0000     0.0010     0.7882    -0.1480
   77.6667     0.7000   262.8779    32.0000 97347.5000     0.4694     0.0000     0.0010     0.4496    -0.2187
   78.0000     0.7000   218.3454    30.9000 97347.5000     0.5385     0.0000     0.0010     0.1794    -0.1471
   78.3333     0.7000   142.6595    30.9400 97347.5000     0.5740     0.0000     0.0010     0.0109    -0.1747
   78.6667     0.7000    31.8648    28.7400 97347.5000     0.6739     0.0000     0.0010    -0.0837    -0.6244
   79.0000     0.7000    25.2416    28.4200 97347.5000     0.7140     0.0000     0.0010    -0.0944    -0.7763
   79.3333     0.7000    19.6757    27.6200 97347.5000     0.7495     0.0000     0.0010    -0.2215    -1.1794
   79.6667     0.7000     7.5864    26.9800 97347.5000     0.7900     0.0000     0.0010    -0.1321    -1.0860
   80.0000     0.7000     0.8094    26.3200 97347.5000     0.8210     0.0000     0.0010    -0.1454    -1.3099
   80.3333     0.7000     0.0000    25.7400 97347.5000     0.8530     0.0000     0.0010    -0.0068    -0.8890
   80.6667     0.7000     0.0000    25.4000 97347.5000     0.8680     0.0000     0.0010     0.3179    -1.2595
   81.0000     0.7000     0.0000    24.9300 97347.5000     0.8810     0.0000     0.0010     0.2819    -1.8719
   81.3333     0.7000     0.0000    24.6200 97347.5000     0.8790     0.0000     0.0010    -0.1454    -1.6837
   81.6667     0.7000     0.0000    24.2500 97347.5000     0.9040     0.0000     0.0010    -0.0602    -1.2155
   82.0000     0.7000     0.0000    24.0600 97347.5000     0.9040     0.0000     0.0010     0.1646    -1.3097
   82.3333     0.7000     0.0000    24.0000 97347.5000     0.9120     0.0000     0.0010    -0.4053    -0.7517
   82.6667     0.7000     0.0000    23.7900 97347.5000     0.9310     0.0000     0.0010    -0.6110    -1.4299
   83.0000     0.7000     0.0000    23.7500 97347.5000     0.9250     0.0000     0.0010    -0.3387    -1.6894
   83.3333     0.7000     0.0000    23.5900 97347.5000     0.9420     0.0000     0.0010    -0.1770    -0.8160
   83.6667     0.7000     0.0000    23.4900 97347.5000     0.9430     0.0000     0.0010    -1.0443    -1.5319
   84.0000     0.7000     0.0000    23.6000 97347.5000     0.9480     0.0000     0.0010    -0.5459    -1.3487
   84.3333     0.7000     0.0000    23.6000 97347.5000     0.9460     0.0000     0.0010    -0.3206    -1.5849
   84.6667     0.7000     0.0000    23.3900 97347.5000     0.9520     0.0000     0.0010    -0.5654    -1.2501
   85.0000     0.7000     0.0000    23.5300 97347.5000     0.9570     0.0000     0.0010    -0.2688    -1.7697
   85.3333     0.7000     0.0000    23.0400 97347.5000     0.9530     0.0000     0.0010    -0.5958    -2.1147
   85.6667     0.7000     0.0000    22.8900 97347.5000     0.9510     0.0000     0.0010    -0.9158    -1.3617
   86.0000     0.7000     0.0000    22.8600 97347.5000     0.9550     0.0000     0.0010    -0.5919    -2.0326
   86.3333     0.7000     0.0000    22.7800 97347.5000     0.9600     0.0000     0.0010    -0.7424    -1.1047
   86.6667     0.7000     0.0000    23.2500 97347.5000     0.9710     0.0000     0.0010    -0.5957    -2.7942
   87.0000     0.7000     0.0000    23.0400 97347.5000     0.9590     0.0000     0.0010    -1.2586    -1.2658
   87.3333     0.7000     0.0000    23.3300 97347.5000     0.9580     0.0000     0.0010    -0.9497    -0.5248
   87.6667     0.7000     0.0000    23.1700 97347.5000     0.9600     0.0000     0.0010    -0.7454    -1.9900
   88.0000     0.7000     0.0000    23.1700 97347.5000     0.9670     0.0000     0.0010    -0.4533    -2.0730
   88.3333     0.7000     0.0000    23.0400 97347.5000     0.9680     0.0000     0.0010    -0.7408    -1.3911
   88.6667     0.7000     0.0000    23.2100 97347.5000     0.9650     0.0000     0.0010    -0.8311    -1.5412
   89.0000     0.7000     0.0000    23.0200 97347.5000     0.9640     0.0000     0.0010    -0.7643    -1.1370
   89.3333     0.7000     0.0000    23.5700 97347.5000     0.9760     0.0000     0.0010    -0.4901    -2.0677
   89.6667     0.7000     0.0000    23.3200 97347.5000     0.9800     0.0000     0.0010    -0.7775    -1.7937
   90.0000     0.7000     0.1925    23.5200 97347.5000     0.9790     0.0000     0.0010    -1.0207    -1.5177
   90.3333     0.7000     6.4489    23.5800 97347.5000     0.9820     0.0000     0.0010    -0.6812    -1.9970
   90.6667     0.7000    17.0703    23.7800 97347.5000     0.9690     0.0000     0.0010    -0.4414    -1.3885
   91.0000     0.7000    31.1125    23.9000 97347.5000     0.9670     0.0000     0.0010    -0.9190    -0.6489
   91.3333     0.7000    48.4273    24.1600 97347.5000     0.9520     0.0000     0.0010    -1.0881    -1.6049
   91.6667     0.7000    63.1091    24.2900 97347.5000     0.9260     0.0000     0.0010    -0.2059    -1.4404
   92.0000     0.7000    79.4447    24.5500 97347.5000     0.8730     0.0000     0.0010    -0.6086    -0.9055
   92.3333     0.7000   186.5784    25.4200 97347.5000     0.8290     0.0000     0.0010    -1.0233    -0.1855
   92.6667     0.7000   286.7416    26.4200 97347.5000     0.7623     0.0000     0.0010    -0.4242    -1.7894
   93.0000     0.7000   118.6542    27.3700 97347.5000     0.7208     0.0000     0.0010    -2.2698     0.4070
   93.3333     0.7000   196.9349    27.4700 97347.5000     0.7081     0.0000     0.0010     0.3160     1.6826
   93.6667     0.7000   394.3481    28.0300 97347.5000     0.7025     0.0000     0.0010    -0.7126     1.2410
   94.0000     0.7000   450.1877    28.2800 97347.5000     0.7052     0.0000     0.0010    -1.0585    -1.1676
   94.3333     0.7000   450.1877    28.2800 97347.5000     0.7052     0.0000     0.0010    -1.0585    -1.1676
   94.6667     0.7000   450.1877    28.2800 97347.5000     0.7052     0.0000     0.0010    -1.0585    -1.1676
   95.0000     0.7000   482.5745    29.2900 97347.5000     0.6596     0.0000     0.0010    -1.6585    -1.4485
   95.3333     0.7000   480.1236    29.7400 97347.5000     0.6499     0.0000     0.0010    -1.0529    -1.5321
   95.6667     0.7000   580.1656    29.9300 97347.5000     0.6612     0.0000     0.0010     0.6443    -1.7544
   96.0000     0.7000   684.6147    30.7700 97347.5000     0.5986     0.0000     0.0010    -0.9293    -1.3513
   96.3333     0.7000   606.5990    30.7800 97347.5000     0.5990     0.0000     0.0010    -0.0344    -0.5269
   96.6667     0.7000   667.3394    32.1600 97347.5000     0.5402     0.0000     0.0010     0.2058     0.9735
   97.0000     0.7000   690.6669    31.8700 97347.5000     0.5434     0.0000     0.0010    -0.4804     0.4613
   97.3333     0.7000    60.5842    28.5000 97347.5000     0.6902     0.0000     0.0010    -1.2883    -3.2983
   97.6667     0.7000   553.7504    26.6200 97347.5000     0.8440     0.0000     0.0010    -2.0422    -2.5475
   98.0000     0.7000   541.2820    27.8000 97347.5000     0.8340     0.0000     0.0010    -0.7693    -1.7831
   98.3333     0.7000   632.9799    29.8300 97347.5000     0.7465     0.0000     0.0010    -0.1044    -0.4439
   98.6667     0.7000   487.1250    31.3300 97347.5000     0.6184     0.0000     0.0010     0.3942     1.0579
   99.0000     0.7000   547.6044    30.8100 97347.5000     0.6480     0.0000     0.0010     0.6697     2.8473
   99.3333     0.7000   460.1678    31.4900 97347.5000     0.6449     0.0000     0.0010     0.4622     0.2361
   99.6667     0.7000     0.0000    31.1600 97347.5000     0.6542     0.0000     0.0010     0.8948     1.1989
  100.0000     0.7000   221.2717    30.8300 97347.5000     0.6453     0.0000     0.0010     0.9255     0.9115
  100.3333     0.7000   485.4591    31.5900 97347.5000     0.5891     0.0000     0.0010     1.3873     1.0252
  100.6667     0.7000   336.7000    31.4500 97347.5000     0.6504     0.0000     0.0010     0.7290    -0.9582
  101.0000     0.7000    60.0175    29.9900 97347.5000     0.6850     0.0000     0.0010     0.6170     0.9239
  101.3333     0.7000    60.4028    29.4300 97347.5000     0.7327     0.0000     0.0010     0.1063    -0.0190
  101.6667     0.7000    26.3137    26.8800 97347.5000     0.7884     0.0000     0.0011    -1.8693    -5.1821
  102.0000     0.7000    37.0066    24.8000 97347.5000     0.9450     0.0000     0.0010    -0.9014    -0.2596
  102.3333     0.7000    42.5814    24.6600 97347.5000     0.9620     0.0000     0.0010    -0.6751    -2.2739
  102.6667     0.7000    76.0339    24.6700 97347.5000     0.9600     0.0000     0.0010    -0.7430    -1.7389
  103.0000     0.7000    35.4474    24.6500 97347.5000     0.9640     0.0000     0.0010    -1.6856    -1.7642
  103.3333     0.7000    21.8353    23.7400 97347.5000     0.9660     0.0000     0.0010     0.0477    -2.1635
  103.6667     0.7000    15.4712    23.9300 97347.5000     0.9670     0.0000     0.0010    -0.3882    -2.0872
  104.0000     0.7000     2.3508    23.8300 97347.5000     0.9670     0.0000     0.0010    -0.7686    -3.2175
  104.3333     0.7000     0.0000    24.2900 97347.5000     0.9060     0.0000     0.0010    -0.0551    -2.3644
  104.6667     0.7000     0.0000    23.9700 97347.5000     0.9600     0.0000     0.0010    -1.4554    -1.6657
  105.0000     0.7000     0.0000    23.6800 97347.5000     0.9700     0.0000     0.0010     0.0579    -2.4293
  105.3333     0.7000     0.0000    25.6800 97347.5000     0.8200     0.0000     0.0010    -0.7195     0.4450
  105.6667     0.7000     0.0000    24.1000 97347.5000     0.9730     0.0000     0.0010    -1.3591    -1.9854
  106.0000     0.7000     0.0000    23.8900 97347.5000     0.9780     0.0000     0.0010    -1.4553    -1.7759
  106.3333     0.7000     0.0000    23.9000 97347.5000     0.9800     0.0000     0.0010    -0.8466    -1.2588
  106.6667     0.7000     0.0000    24.1300 97347.5000     0.9820     0.0000     0.0010    -0.3856    -2.8763
  107.0000     0.7000     0.0000    24.2200 97347.5000     0.9840     0.0000     0.0010    -0.8395    -2.1273
  107.3333     0.7000     0.0000    24.0400 97347.5000     0.9820     0.0000     0.0010    -0.3760    -2.1463
  107.6667     0.7000     0.0000    24.2300 97347.5000     0.9820     0.0000     0.0010    -0.6969    -2.1278
  108.0000     0.7000     0.0000    24.2600 97347.5000     0.9830     0.0000     0.0010    -0.1716    -1.7707
  108.3333     0.7000     0.0000    24.5200 97347.5000     0.9260     0.0000     0.0010    -1.6672    -0.7498
  108.6667     0.7000     0.0000    24.2500 97347.5000     0.9640     0.0000     0.0010    -1.0010    -2.5237
  109.0000     0.7000     0.0000    24.1900 97347.5000     0.9320     0.0000     0.0010    -1.4505    -0.3861
  109.3333     0.7000     0.0000    24.3800 97347.5000     0.9080     0.0000     0.0010    -0.3556    -1.2213
  109.6667     0.7000     0.0000    25.4400 97347.5000     0.7913     0.0000     0.0010    -2.0199    -0.0241
  110.0000     0.7000     0.0000    25.1900 97347.5000     0.8540     0.0000     0.0010    -2.0367    -1.6401
  110.3333     0.7000     0.0000    25.3000 97347.5000     0.8330     0.0000     0.0010    -0.3282    -1.7149
  110.6667     0.7000     0.0000    25.6500 97347.5000     0.7990     0.0000     0.0010    -2.0730    -2.5367
  111.0000     0.7000     0.0000    24.1400 97347.5000     0.9250     0.0000     0.0010    -1.0168    -1.4329
  111.3333     0.7000     0.0000    23.9200 97347.5000     0.9690     0.0000     0.0010    -0.7584    -3.3287
  111.6667     0.7000     0.0000    23.6300 97347.5000     0.9690     0.0000     0.0010    -1.3715    -4.0437
  112.0000     0.7000     0.0000    23.9400 97347.5000     0.9740     0.0000     0.0010    -1.3778    -3.3042
  112.3333     0.7000     0.0000    23.7500 97347.5000     0.9770     0.0000     0.0010    -1.6173    -2.1944
  112.6667     0.7000     0.0000    23.7400 97347.5000     0.9820     0.0000     0.0010     0.0698    -2.9292
  113.0000     0.7000     0.0000    24.2800 97347.5000     0.9210     0.0000     0.0010    -1.5745    -1.1454
  113.3333     0.7000     0.0000    24.2900 97347.5000     0.9150     0.0000     0.0010    -0.8901    -1.2061
  113.6667     0.7000     0.0000    23.8700 97347.5000     0.9560     0.0000     0.0010    -1.2642    -1.1898
  114.0000     0.7000     0.0000    23.6200 97347.5000     0.9560     0.0000     0.0010    -0.9891    -0.8681
  114.3333     0.7000     6.3962    23.6300 97347.5000     0.9660     0.0000     0.0010    -1.0646    -2.1988
  114.6667     0.7000    12.3231    23.6300 97347.5000     0.9690     0.0000     0.0010    -1.0017    -2.3787
  115.0000     0.7000    20.2372    23.4600 97347.5000     0.9740     0.0000     0.0010    -0.6268    -2.8192
  115.3333     0.7000    28.9429    24.7000 97347.5000     0.8920     0.0000     0.0010    -1.0877    -1.6172
  115.6667     0.7000    47.5002    25.0500 97347.5000     0.8640     0.0000     0.0010    -1.7602    -2.5518
  116.0000     0.7000    62.0666    25.6000 97347.5000     0.8300     0.0000     0.0010    -1.6016    -1.7982
  116.3333     0.7000   295.2256    25.8800 97347.5000     0.8090     0.0000     0.0010    -0.8028    -1.8971
  116.6667     0.7000   190.0912    25.5800 97347.5000     0.8490     0.0000     0.0010    -1.7169    -2.1084
  117.0000     0.7000    56.9864    26.2300 97347.5000     0.8060     0.0000     0.0010    -1.3309    -1.6360
  117.3333     0.7000   276.4511    26.8100 97347.5000     0.8210     0.0000     0.0010    -1.3670    -1.9800
  117.6667     0.7000   421.1065    27.1900 97347.5000     0.7599     0.0000     0.0010    -0.3799    -3.9196
  118.0000     0.7000   452.7930    27.3700 97347.5000     0.7370     0.0000     0.0010    -1.2679    -2.6780
  118.3333     0.7000   454.0738    27.8300 97347.5000     0.7196     0.0000     0.0010    -1.0347    -1.1257
  118.6667     0.7000   497.6357    28.2800 97347.5000     0.7163     0.0000     0.0010    -0.8325    -2.0364
  119.0000     0.7000   518.4646    28.5500 97347.5000     0.6949     0.0000     0.0010     0.2297    -0.9897
  119.3333     0.7000   574.9667    28.8500 97347.5000     0.6566     0.0000     0.0010    -0.8175    -2.0930
  119.6667     0.7000   604.9120    28.9500 97347.5000     0.6548     0.0000     0.0010    -1.3089    -0.5980
  120.0000     0.7000   629.1474    29.2600 97347.5000     0.6310     0.0000     0.0010    -1.7514    -1.6686
  120.3333     0.7000   618.6866    29.3500 97347.5000     0.6374     0.0000     0.0010    -1.9510    -1.9296
  120.6667     0.7000   467.0095    29.9800 97347.5000     0.6333     0.0000     0.0010    -0.9441    -1.3029
  121.0000     0.7000   608.8691    29.9400 97347.5000     0.6182     0.0000     0.0010    -0.3850    -2.2676
  121.3333     0.7000   647.0870    30.9900 97347.5000     0.6361     0.0000     0.0010    -0.2796    -0.8639
  121.6667     0.7000   590.4759    31.1300 97347.5000     0.5746     0.0000     0.0010    -0.0000    -0.0000
  122.0000     0.7000   639.0720    31.4000 97347.5000     0.5206     0.0000     0.0010     0.0477     0.2901
  122.3333     0.7000   605.2508    31.6500 97347.5000     0.5403     0.0000     0.0010     0.0610    -0.0767
  122.6667     0.7000   588.6552    31.4200 97347.5000     0.5315     0.0000     0.0010     0.1125    -0.5700
  123.0000     0.7000   576.2176    31.6000 97347.5000     0.5444     0.0000     0.0010    -0.6739    -0.3056
  123.3333     0.7000   538.9020    31.6500 97347.5000     0.5228     0.0000     0.0010    -0.0871    -1.0745
  123.6667     0.7000   506.7972    32.5300 97347.5000     0.4790     0.0000     0.0010     0.6717    -0.4418
  124.0000     0.7000   482.9588    31.3700 97347.5000     0.6169     0.0000     0.0010     0.2011    -1.9919
  124.3333     0.7000   439.1946    31.3600 97347.5000     0.5849     0.0000     0.0010    -0.6263    -1.6544
  124.6667     0.7000   407.9314    29.4700 97347.5000     0.6783     0.0000     0.0010    -0.3496    -0.9433
  125.0000     0.7000   160.4266    28.4900 97347.5000     0.7468     0.0000     0.0010     0.1110    -1.0280
  125.3333     0.7000    52.8067    28.9700 97347.5000     0.7257     0.0000     0.0010    -0.0750    -0.6165
  125.6667     0.7000   289.8490    28.7400 97347.5000     0.7577     0.0000     0.0010    -0.2484    -1.5978
  126.0000     0.7000   115.2289    28.3900 97347.5000     0.7895     0.0000     0.0010    -0.4426    -1.2828
  126.3333     0.7000   101.5363    28.6100 97347.5000     0.7628     0.0000     0.0010    -0.4055    -1.2677
  126.6667     0.7000    60.9994    28.3200 97347.5000     0.8120     0.0000     0.0010    -0.7008    -0.6369
  127.0000     0.7000    43.9954    28.0500 97347.5000     0.8230     0.0000     0.0010    -0.1332    -0.7929
  127.3333     0.7000    41.2930    28.0300 97347.5000     0.7957     0.0000     0.0010    -0.0713    -0.8611
  127.6667     0.7000    11.2003    27.5400 97347.5000     0.8130     0.0000     0.0010    -0.4788    -0.9714
  128.0000     0.7000     0.6927    26.7000 97347.5000     0.8610     0.0000     0.0010    -0.0481    -1.1310
  128.3333     0.7000     0.0000    26.2000 97347.5000     0.8830     0.0000     0.0010    -1.3871    -3.0669
  128.6667     0.7000     0.0000    24.9100 97347.5000     0.9530     0.0000     0.0010    -2.0138     0.1821
  129.0000     0.7000     0.0000    24.8100 97347.5000     0.9110     0.0000     0.0010     1.3641    -1.3052
  129.3333     0.7000     0.0000    24.7100 97347.5000     0.9080     0.0000     0.0010     0.2726    -2.4056
  129.6667     0.7000     0.0000    24.4700 97347.5000     0.9460     0.0000     0.0010     0.1047    -2.2496
  130.0000     0.7000     0.0000    24.1100 97347.5000     0.9540     0.0000     0.0010     0.3985    -2.2683
  130.3333     0.7000     0.0000    24.4200 97347.5000     0.9160     0.0000     0.0010     0.3843    -1.6827
  130.6667     0.7000     0.0000    24.0500 97347.5000     0.9670     0.0000     0.0010    -0.3361    -0.9067
  131.0000     0.7000     0.0000    23.6400 97347.5000     0.9670     0.0000     0.0010     0.0214    -0.1038
  131.3333     0.7000     0.0000    23.5500 97347.5000     0.9640     0.0000     0.0010    -1.1301    -0.7422
  131.6667     0.7000     0.0000    23.3400 97347.5000     0.9620     0.0000     0.0010    -0.3243    -0.7553
  132.0000     0.7000     0.0000    23.0000 97347.5000     0.9680     0.0000     0.0010     0.1149    -1.0467
  132.3333     0.7000     0.0000    22.8400 97347.5000     0.9710     0.0000     0.0010     0.1246    -1.1171
  132.6667     0.7000     0.0000    22.8500 97347.5000     0.9720     0.0000     0.0010    -0.4815    -0.0580
  133.0000     0.7000     0.0000    22.5300 97347.5000     0.9740     0.0000     0.0010     1.2500    -1.1712
  133.3333     0.7000     0.0000    22.5700 97347.5000     0.9760     0.0000     0.0010    -1.3971    -1.7663
  133.6667     0.7000     0.0000    22.4900 97347.5000     0.9760     0.0000     0.0010    -1.2531    -0.3424
  134.0000     0.7000     0.0000    22.5400 97347.5000     0.9780     0.0000     0.0010    -0.0063    -0.0030
  134.3333     0.7000     0.0000    22.5300 97347.5000     0.9800     0.0000     0.0010    -0.0174    -1.8639
  134.6667     0.7000     0.0000    22.5000 97347.5000     0.9760     0.0000     0.0010     0.0611    -0.1619
  135.0000     0.7000     0.0000    22.4300 97347.5000     0.9780     0.0000     0.0010    -0.8969    -2.5138
  135.3333     0.7000     0.0000    22.4700 97347.5000     0.9780     0.0000     0.0010    -0.8282    -1.2206
  135.6667     0.7000     0.0000    22.5400 97347.5000     0.9790     0.0000     0.0010    -1.0557    -2.4829
  136.0000     0.7000     0.0000    22.7700 97347.5000     0.9750     0.0000     0.0010    -0.1467    -2.7661
  136.3333     0.7000     0.0000    22.5700 97347.5000     0.9770     0.0000     0.0010    -0.3266    -2.8071
  136.6667     0.7000     0.0000    22.3900 97347.5000     0.9780     0.0000     0.0010    -0.7287    -2.6755
  137.0000     0.7000     0.0000    22.3100 97347.5000     0.9720     0.0000     0.0010    -1.5777    -1.9483
  137.3333     0.7000     0.0000    22.3100 97347.5000     0.9700     0.0000     0.0010     0.7101    -2.4824
  137.6667     0.7000     0.0000    22.0800 97347.5000     0.9780     0.0000     0.0010    -0.5713    -2.4482
  138.0000     0.7000     0.0000    22.4500 97347.5000     0.9780     0.0000     0.0010    -1.1922    -0.8565
  138.3333     0.7000     4.2388    23.1200 97347.5000     0.9420     0.0000     0.0010    -1.9357    -0.3715
  138.6667     0.7000    11.6739    22.6800 97347.5000     0.9490     0.0000     0.0010    -2.1733    -0.2701
  139.0000     0.7000    21.9353    22.6500 97347.5000     0.9720     0.0000     0.0010    -2.6570    -1.3471
  139.3333     0.7000    35.9368    22.8100 97347.5000     0.9700     0.0000     0.0010    -1.1051    -2.2926
  139.6667     0.7000    34.8798    23.1500 97347.5000     0.9740     0.0000     0.0010    -0.9193    -2.1725
  140.0000     0.7000    37.1638    23.5400 97347.5000     0.9510     0.0000     0.0010    -1.3358    -0.8268
  140.3333     0.7000   231.2992    24.1600 97347.5000     0.9140     0.0000     0.0010    -1.1637    -1.7264
  140.6667     0.7000   267.6114    24.6700 97347.5000     0.8860     0.0000     0.0010    -1.3935    -0.8417
  141.0000     0.7000    29.0246    25.1300 97347.5000     0.8790     0.0000     0.0010    -0.8512    -0.5455
  141.3333     0.7000   258.0234    26.8500 97347.5000     0.7731     0.0000     0.0010    -0.3988    -0.7427
  141.6667     0.7000   328.4000    27.1300 97347.5000     0.7520     0.0000     0.0010    -0.8350    -0.9662
  142.0000     0.7000   370.9940    27.4300 97347.5000     0.7562     0.0000     0.0010    -0.7016    -0.1378
  142.3333     0.7000   591.9760    28.7600 97347.5000     0.7245     0.0000     0.0010    -0.5508    -0.8190
  142.6667     0.7000   581.9989    29.0600 97347.5000     0.7030     0.0000     0.0010    -0.3960     0.1137
  143.0000     0.7000   376.5405    29.0900 97347.5000     0.6766     0.0000     0.0010    -1.9753    -1.4796
  143.3333     0.7000   570.7520    29.5400 97347.5000     0.6586     0.0000     0.0010    -0.5949    -0.2812
  143.6667     0.7000   554.0444    29.3900 97347.5000     0.7010     0.0000     0.0010    -0.2210    -0.7897
  144.0000     0.7000   204.3657    29.2000 97347.5000     0.7378     0.0000     0.0010    -0.8148    -0.8383
  144.3333     0.7000   323.5617    29.3300 97347.5000     0.6873     0.0000     0.0010    -1.6030    -0.9414
  144.6667     0.7000   544.4530    29.8900 97347.5000     0.6661     0.0000     0.0010     0.6217    -1.5812
  145.0000     0.7000   509.0568    29.2100 97347.5000     0.7580     0.0000     0.0010    -0.4575    -0.9794
  145.3333     0.7000   720.8600    30.6700 97347.5000     0.6213     0.0000     0.0010     0.3039    -0.2429
  145.6667     0.7000   368.4408    32.2000 97347.5000     0.5221     0.0000     0.0010     0.0277     0.6254
  146.0000     0.7000    70.2800    30.4900 97347.5000     0.6736     0.0000     0.0010    -0.1413    -0.3581
  146.3333     0.7000    36.4623    27.7000 97347.5000     0.8460     0.0000     0.0010    -0.0141    -1.0959
  146.6667     0.7000    65.4494    25.8700 97347.5000     0.8810     0.0000     0.0010     0.2487    -1.7120
  147.0000     0.7000   202.5263    25.6600 97347.5000     0.8630     0.0000     0.0010     1.4347     0.1448
  147.3333     0.7000   143.9900    26.1000 97347.5000     0.9130     0.0000     0.0010     0.9150     1.2954
  147.6667     0.7000    46.5357    24.5800 97347.5000     0.9290     0.0000     0.0010     1.3233     1.4323
  148.0000     0.7000    71.0955    24.8400 97347.5000     0.8480     0.0000     0.0010    -2.1669    -3.1229
  148.3333     0.7000     9.8444    24.0400 97347.5000     0.9080     0.0000     0.0010     0.9814     0.9801
  148.6667     0.7000     1.2944    23.1600 97347.5000     0.9430     0.0000     0.0010    -2.2241     0.9229
  149.0000     0.7000     4.2476    22.9400 97347.5000     0.9610     0.0000     0.0010    -0.9588     0.9015
  149.3333     0.7000    17.7902    22.8900 97347.5000     0.9550     0.0000     0.0010    -1.0724    -0.1836
  149.6667     0.7000    43.2767    23.2000 97347.5000     0.9560     0.0000     0.0010    -1.0178     0.0200
  150.0000     0.7000   134.2555    23.5100 97347.5000     0.9620     0.0000     0.0010    -1.2351    -1.4609
  150.3333     0.7000   125.8376    24.3300 97347.5000     0.9190     0.0000     0.0010    -0.0179    -0.9878
  150.6667     0.7000    99.6268    24.1500 97347.5000     0.8770     0.0000     0.0010    -0.0162    -0.4157
  151.0000     0.7000    72.0135    24.0000 97347.5000     0.9460     0.0000     0.0010     0.6832     0.7343
  151.3333     0.7000    37.2618    24.0600 97347.5000     0.9580     0.0000     0.0010    -0.5068    -1.5566
  151.6667     0.7000     8.1303    23.4000 97347.5000     0.9670     0.0000     0.0010    -0.3273    -2.4412
  152.0000     0.7000     1.4568    23.3000 97347.5000     0.9730     0.0000     0.0010    -0.7191    -0.9305
  152.3333     0.7000     0.0000    23.0500 97347.5000     0.9730     0.0000     0.0010    -0.5988    -0.7959
  152.6667     0.7000     0.0000    23.0800 97347.5000     0.9770     0.0000     0.0010    -0.7474    -1.4215
  153.0000     0.7000     0.0000    22.8700 97347.5000     0.9750     0.0000     0.0010    -0.6045    -0.2071
  153.3333     0.7000     0.0000    22.8400 97347.5000     0.9740     0.0000     0.0010    -0.0238    -0.0573
  153.6667     0.7000     0.0000    22.8500 97347.5000     0.9770     0.0000     0.0010    -0.7382    -0.7212
  154.0000     0.7000     0.0000    22.6000 97347.5000     0.9790     0.0000     0.0010    -0.2157    -2.2668
  154.3333     0.7000     0.0000    22.7700 97347.5000     0.9810     0.0000     0.0010    -0.3139    -0.9873
  154.6667     0.7000     0.0000    22.7700 97347.5000     0.9810     0.0000     0.0010    -0.3165    -1.7882
  155.0000     0.7000     0.0000    22.4800 97347.5000     0.9820     0.0000     0.0010     0.1398    -2.6994
  155.3333     0.7000     0.0000    22.4600 97347.5000     0.9830     0.0000     0.0010    -0.5605    -1.0395
  155.6667     0.7000     0.0000    22.8200 97347.5000     0.9850     0.0000     0.0010    -0.4605    -2.8014
  156.0000     0.7000     0.0000    22.6200 97347.5000     0.9850     0.0000     0.0010    -0.6427    -3.0939
  156.3333     0.7000     0.0000    22.9500 97347.5000     0.9850     0.0000     0.0010     0.0093    -1.4680
  156.6667     0.7000     0.0000    22.9300 97347.5000     0.9840     0.0000     0.0010    -1.1054    -3.0477
  157.0000     0.7000     0.0000    23.1700 97347.5000     0.9860     0.0000     0.0010    -0.7419    -2.0126
  157.3333     0.7000     0.0000    23.2500 97347.5000     0.9860     0.0000     0.0010    -0.5847    -0.4744
  157.6667     0.7000     0.0000    23.1200 97347.5000     0.9840     0.0000     0.0010    -0.0638    -1.8869
  158.0000     0.7000     0.0000    23.0300 97347.5000     0.9830     0.0000     0.0010    -0.9847    -2.4452
  158.3333     0.7000     0.0000    23.0000 97347.5000     0.9820     0.0000     0.0010    -0.1572    -2.4740
  158.6667     0.7000     0.0000    22.9000 97347.5000     0.9810     0.0000     0.0010    -0.8408    -2.0773
  159.0000     0.7000     0.0000    23.0600 97347.5000     0.9810     0.0000     0.0010    -0.9869    -1.4657
  159.3333     0.7000     0.0000    23.2200 97347.5000     0.9840     0.0000     0.0010    -1.3666    -0.7185
  159.6667     0.7000     0.0000    23.8900 97347.5000     0.9550     0.0000     0.0010    -0.4098    -1.3982
  160.0000     0.7000     0.0000    23.8200 97347.5000     0.9600     0.0000     0.0010    -1.0271    -0.6547
  160.3333     0.7000     0.0000    24.1900 97347.5000     0.9320     0.0000     0.0010     0.3594    -0.3548
  160.6667     0.7000     0.0000    23.9700 97347.5000     0.9330     0.0000     0.0010    -1.4086    -1.6599
  161.0000     0.7000     0.0000    23.6500 97347.5000     0.9500     0.0000     0.0011    -0.4507    -4.7366
  161.3333     0.7000     0.0000    23.4000 97347.5000     0.9630     0.0000     0.0010    -0.9713    -3.2927
  161.6667     0.7000     0.0000    23.2900 97347.5000     0.9580     0.0000     0.0010    -0.7434    -2.3104
  162.0000     0.7000     0.0000    23.0600 97347.5000     0.9730     0.0000     0.0010    -1.7593    -1.2873
  162.3333     0.7000    10.4932    23.2100 97347.5000     0.9600     0.0000     0.0010    -0.1903    -2.3985
  162.6667     0.7000    18.6990    23.3000 97347.5000     0.9550     0.0000     0.0010    -0.0344    -0.0454
  163.0000     0.7000    33.1693    23.6000 97347.5000     0.9430     0.0000     0.0010    -0.1228    -0.1553
  163.3333     0.7000    42.3752    23.3300 97347.5000     0.9610     0.0000     0.0010    -1.1570    -1.1439
  163.6667     0.7000    28.8834    23.3300 97347.5000     0.9480     0.0000     0.0010    -1.7586    -0.7427
  164.0000     0.7000    30.6201    23.6500 97347.5000     0.9230     0.0000     0.0010    -2.0435    -0.1191
  164.3333     0.7000   261.0916    24.2300 97347.5000     0.9130     0.0000     0.0010    -0.9041    -0.7723
  164.6667     0.7000   297.5071    24.5900 97347.5000     0.8820     0.0000     0.0010    -1.1382    -0.2288
  165.0000     0.7000    41.9132    25.6700 97347.5000     0.8200     0.0000     0.0010    -1.0033    -0.0376
  165.3333     0.7000   179.5657    27.0400 97347.5000     0.7459     0.0000     0.0010    -0.5006     0.2988
  165.6667     0.7000   418.7897    27.5400 97347.5000     0.7518     0.0000     0.0010    -0.3323    -0.2452
  166.0000     0.7000   503.0971    27.7300 97347.5000     0.7223     0.0000     0.0010    -0.7469    -0.9671
  166.3333     0.7000   327.6731    27.2200 97347.5000     0.7112     0.0000     0.0010    -1.7932    -0.7532
  166.6667     0.7000   336.5258    27.6700 97347.5000     0.6819     0.0000     0.0010     0.5619     1.3410
  167.0000     0.7000   559.3182    29.3900 97347.5000     0.6595     0.0000     0.0010     0.0193     0.2151
  167.3333     0.7000   620.8300    28.8900 97347.5000     0.6203     0.0000     0.0010    -1.2842    -1.4461
  167.6667     0.7000   616.4760    29.6000 97347.5000     0.5598     0.0000     0.0010     0.4365     1.5808
  168.0000     0.7000   646.2120    30.4300 97347.5000     0.5324     0.0000     0.0010     1.0701     1.8069
  168.3333     0.7000   658.6125    30.4400 97347.5000     0.5269     0.0000     0.0010     0.7265    -0.4116
  168.6667     0.7000   716.0300    30.4900 97347.5000     0.5675     0.0000     0.0010    -0.0620     0.7434
  169.0000     0.7000   652.5120    30.6900 97347.5000     0.5029     0.0000     0.0010    -0.1194    -1.3025
  169.3333     0.7000   733.3445    31.7800 97347.5000     0.4936     0.0000     0.0010     1.1135     1.7864
  169.6667     0.7000   316.3104    31.0700 97347.5000     0.5871     0.0000     0.0010     0.7228     0.7069
  170.0000     0.7000   705.9052    31.0600 97347.5000     0.5717     0.0000     0.0010    -1.0031     2.0151
  170.3333     0.7000   636.9965    31.3100 97347.5000     0.6077     0.0000     0.0010     1.2536     1.1965
  170.6667     0.7000   555.8742    31.1900 97347.5000     0.5814     0.0000     0.0010     0.1652    -0.3086
  171.0000     0.7000   594.1740    31.4300 97347.5000     0.5825     0.0000     0.0010     0.7598     1.8867
  171.3333     0.7000   245.4833    31.5500 97347.5000     0.6023     0.0000     0.0010     1.7249     0.4967
  171.6667     0.7000   139.4894    30.8200 97347.5000     0.6238     0.0000     0.0010     1.1169     0.6808
  172.0000     0.7000    39.1860    29.1100 97347.5000     0.7545     0.0000     0.0010     0.8018    -0.2259
  172.3333     0.7000    18.5080    28.1100 97347.5000     0.8500     0.0000     0.0010    -0.1414    -0.3408
  172.6667     0.7000    10.9432    26.3900 97347.5000     0.8710     0.0000     0.0010    -0.5116    -1.4663
  173.0000     0.7000   167.2996    24.9500 97347.5000     0.9340     0.0000     0.0010    -0.9621    -2.7728
  173.3333     0.7000   238.7969    25.7900 97347.5000     0.9170     0.0000     0.0010     0.1988    -2.3857
  173.6667     0.7000   125.0166    26.0700 97347.5000     0.9400     0.0000     0.0010    -0.6971    -1.5779
  174.0000     0.7000    56.5950    25.7400 97347.5000     0.9290     0.0000     0.0010    -0.9975    -1.9463
  174.3333     0.7000   103.6970    26.1600 97347.5000     0.8600     0.0000     0.0010    -1.1996    -1.1960
  174.6667     0.7000    80.3985    25.7100 97347.5000     0.9300     0.0000     0.0010    -0.1778    -2.4586
  175.0000     0.7000    40.8946    25.5200 97347.5000     0.9460     0.0000     0.0010    -0.5341    -2.7384
  175.3333     0.7000    24.6077    25.2800 97347.5000     0.9540     0.0000     0.0010    -1.1219    -0.6100
  175.6667     0.7000    69.8662    25.4400 97347.5000     0.9460     0.0000     0.0010    -0.9764    -1.4511
  176.0000     0.7000     8.2029    25.4500 97347.5000     0.9590     0.0000     0.0010    -0.2766     0.1054
  176.3333     0.7000     0.0000    25.2700 97347.5000     0.9680     0.0000     0.0010    -0.8397     0.1183
  176.6667     0.7000     0.0000    25.0500 97347.5000     0.9720     0.0000     0.0010    -0.6943    -1.9787
  177.0000     0.7000     0.0000    25.0000 97347.5000     0.9660     0.0000     0.0010    -1.0941    -1.3671
  177.3333     0.7000     0.0000    24.8900 97347.5000     0.9680     0.0000     0.0010     0.6140     0.7600
  177.6667     0.7000     0.0000    24.9600 97347.5000     0.9700     0.0000     0.0010    -1.4597    -1.6700
  178.0000     0.7000     0.0000    21.7800 97347.5000     0.9230     0.0000     0.0010    -1.5521    -2.8782
  178.3333     0.7000     0.0000    22.2900 97347.5000     0.9850     0.0000     0.0010    -1.7232    -3.3913
  178.6667     0.7000     0.0000    22.8200 97347.5000     0.9370     0.0000     0.0010    -0.2744    -2.2554
  179.0000     0.7000     0.0000    22.8100 97347.5000     0.9500     0.0000     0.0010    -1.0678    -0.3067
  179.3333     0.7000     0.0000    22.7400 97347.5000     0.9530     0.0000     0.0010    -1.5548    -2.3118
  179.6667     0.7000     0.0000    23.2400 97347.5000     0.9440     0.0000     0.0010    -0.4189    -2.1679
  180.0000     0.7000     0.0000    23.6200 97347.5000     0.8980     0.0000     0.0010    -2.4790    -1.3569
  180.3333     0.7000     0.0000    23.2600 97347.5000     0.9120     0.0000     0.0010    -1.8096    -1.1442
  180.6667     0.7000     0.0000    22.9500 97347.5000     0.9430     0.0000     0.0010    -1.3825    -0.9260
  181.0000     0.7000     0.0000    23.1000 97347.5000     0.9190     0.0000     0.0010    -1.0646    -1.9742
  181.3333     0.7000     0.0000    23.0400 97347.5000     0.9020     0.0000     0.0010    -0.7740    -2.6753
  181.6667     0.7000     0.0000    22.6100 97347.5000     0.9390     0.0000     0.0010    -0.7457    -1.9492
  182.0000     0.7000     0.0000    22.9300 97347.5000     0.9010     0.0000     0.0010    -1.2303    -2.5186
  182.3333     0.7000     0.0000    22.6600 97347.5000     0.9060     0.0000     0.0010    -2.5084    -2.5753
  182.6667     0.7000     0.0000    22.9000 97347.5000     0.8810     0.0000     0.0010    -0.6881    -1.9830
  183.0000     0.7000     0.0000    22.4900 97347.5000     0.9210     0.0000     0.0010    -1.8876    -2.1112
  183.3333     0.7000     0.0000    22.3800 97347.5000     0.9160     0.0000     0.0010    -1.1615    -0.1021
  183.6667     0.7000     0.0000    22.2100 97347.5000     0.9130     0.0000     0.0010    -1.6240     1.7996
  184.0000     0.7000     0.0000    22.4800 97347.5000     0.8980     0.0000     0.0010    -2.7369    -0.4396
  184.3333     0.7000     0.0000    22.3600 97347.5000     0.8980     0.0000     0.0010    -2.8460    -1.3663
  184.6667     0.7000     0.0000    22.2300 97347.5000     0.9050     0.0000     0.0010    -2.5793    -0.0925
  185.0000     0.7000     0.0000    22.1400 97347.5000     0.9150     0.0000     0.0010    -1.9595    -0.4655
  185.3333     0.7000     0.0000    22.3500 97347.5000     0.8870     0.0000     0.0010    -2.0876    -1.1555
  185.6667     0.7000     0.0000    22.3300 97347.5000     0.8720     0.0000     0.0010    -0.1770    -0.3576
  186.0000     0.7000     0.0000    22.1500 97347.5000     0.8820     0.0000     0.0010     0.3517     0.0555
  186.3333     0.7000     3.1288    22.2200 97347.5000     0.8720     0.0000     0.0010     0.2318    -0.8613
  186.6667     0.7000     9.4962    21.9200 97347.5000     0.8810     0.0000     0.0010    -0.2267    -0.1273
  187.0000     0.7000    16.6283    21.8500 97347.5000     0.8800     0.0000     0.0010    -1.3589    -0.2100
  187.3333     0.7000    22.2720    22.2500 97347.5000     0.8790     0.0000     0.0010    -2.2484    -2.0534
  187.6667     0.7000    28.8702    22.2400 97347.5000     0.8500     0.0000     0.0010    -2.5679    -2.2467
  188.0000     0.7000    40.0611    22.5400 97347.5000     0.8290     0.0000     0.0010    -0.4752    -1.9149
  188.3333     0.7000   247.7768    23.0600 97347.5000     0.8170     0.0000     0.0010    -2.7916    -1.8627
  188.6667     0.7000   285.6284    23.2900 97347.5000     0.8190     0.0000     0.0010    -1.1744    -3.1021
  189.0000     0.7000    40.5159    24.5000 97347.5000     0.7871     0.0000     0.0010     1.4027    -1.3051
  189.3333     0.7000   142.1221    24.5500 97347.5000     0.7669     0.0000     0.0010    -1.3599    -4.3567
  189.6667     0.7000   344.6329    24.4200 97347.5000     0.7320     0.0000     0.0010    -2.2709    -3.3764
  190.0000     0.7000   519.7920    24.7200 97347.5000     0.7138     0.0000     0.0010    -3.6231    -0.6613
  190.3333     0.7000   561.7045    25.1900 97347.5000     0.6823     0.0000     0.0010    -0.2410    -3.8996
  190.6667     0.7000   615.2181    25.7000 97347.5000     0.6889     0.0000     0.0010    -1.3663    -0.5505
  191.0000     0.7000   428.4465    25.6200 97347.5000     0.6849     0.0000     0.0010    -3.1007    -3.0252
  191.3333     0.7000   395.5971    25.7200 97347.5000     0.6891     0.0000     0.0010    -0.9183    -2.8203
  191.6667     0.7000   244.3210    25.5400 97347.5000     0.6909     0.0000     0.0010    -0.0702    -0.5767
  192.0000     0.7000   440.6730    26.3400 97347.5000     0.6739     0.0000     0.0010    -1.0606    -1.0222
  192.3333     0.7000   196.4284    26.7000 97347.5000     0.7272     0.0000     0.0010    -1.2942    -1.1130
  192.6667     0.7000   275.6638    26.6200 97347.5000     0.6503     0.0000     0.0010    -1.1130    -0.8883
  193.0000     0.7000   245.1714    26.5100 97347.5000     0.7247     0.0000     0.0010    -0.3223    -0.2614
  193.3333     0.7000   269.1381    26.7600 97347.5000     0.6722     0.0000     0.0010    -0.4832    -0.8960
  193.6667     0.7000   398.1253    27.2700 97347.5000     0.6263     0.0000     0.0010    -0.3008    -0.4278
  194.0000     0.7000   343.2996    27.2200 97347.5000     0.6103     0.0000     0.0010    -0.5922    -1.3531
  194.3333     0.7000   313.5726    27.5000 97347.5000     0.6289     0.0000     0.0010    -1.6748    -1.6097
  194.6667     0.7000   508.6273    28.4700 97347.5000     0.5853     0.0000     0.0010    -0.4245     1.0472
  195.0000     0.7000   313.4462    29.0100 97347.5000     0.5655     0.0000     0.0010     0.2006    -0.6832
  195.3333     0.7000   702.4689    29.5300 97347.5000     0.5609     0.0000     0.0010     0.6893     0.8118
  195.6667     0.7000   607.3704    29.1500 97347.5000     0.5393     0.0000     0.0010    -0.8905    -0.3041
  196.0000     0.7000   441.4032    28.8800 97347.5000     0.5811     0.0000     0.0010     0.3685    -0.7704
  196.3333     0.7000   405.4327    28.1800 97347.5000     0.6906     0.0000     0.0010    -0.1039    -0.8184
  196.6667     0.7000   338.6502    29.1700 97347.5000     0.5929     0.0000     0.0010     0.2164    -0.3635
  197.0000     0.7000   352.0993    28.1200 97347.5000     0.6730     0.0000     0.0010     0.5614    -0.6113
  197.3333     0.7000   296.5070    27.9000 97347.5000     0.6846     0.0000     0.0010     0.1773    -0.3530
  197.6667     0.7000   251.4329    27.4300 97347.5000     0.7248     0.0000     0.0010    -0.1554    -0.6712
  198.0000     0.7000   205.5815    27.2800 97347.5000     0.6995     0.0000     0.0010     0.0221    -0.0985
  198.3333     0.7000    60.5120    26.4400 97347.5000     0.7456     0.0000     0.0010    -0.1799    -0.7898
  198.6667     0.7000    19.2797    24.9400 97347.5000     0.8220     0.0000     0.0010    -0.3169    -1.2866
  199.0000     0.7000    16.8729    24.5200 97347.5000     0.8460     0.0000     0.0010    -0.1474    -1.6083
  199.3333     0.7000    18.3069    24.3400 97347.5000     0.8690     0.0000     0.0010    -0.1298    -1.5034
  199.6667     0.7000     3.1064    24.3100 97347.5000     0.8740     0.0000     0.0010    -0.0597    -1.0553
  200.0000     0.7000     0.0000    24.2600 97347.5000     0.8970     0.0000     0.0010    -0.3695    -1.5711
  200.3333     0.7000     0.0000    23.8500 97347.5000     0.9090     0.0000     0.0010     0.4751    -1.4481
  200.6667     0.7000     0.0000    23.4800 97347.5000     0.9050     0.0000     0.0010    -0.2339     0.0730
  201.0000     0.7000     0.0000    23.2200 97347.5000     0.9320     0.0000     0.0010    -0.1864    -1.1095
  201.3333     0.7000     0.0000    23.0800 97347.5000     0.9350     0.0000     0.0010    -0.5478    -1.5022
  201.6667     0.7000     0.0000    22.9200 97347.5000     0.9300     0.0000     0.0010    -0.5327    -1.0953
  202.0000     0.7000     0.0000    22.8900 97347.5000     0.9530     0.0000     0.0010     0.0103    -1.2670
  202.3333     0.7000     0.0000    22.3800 97347.5000     0.9480     0.0000     0.0010    -0.7197    -0.4054
  202.6667     0.7000     0.0000    22.4200 97347.5000     0.9600     0.0000     0.0010    -0.4180    -1.5455
  203.0000     0.7000     0.0000    22.3400 97347.5000     0.9620     0.0000     0.0010    -0.8157    -1.1538
  203.3333     0.7000     0.0000    22.3100 97347.5000     0.9640     0.0000     0.0010    -0.3507    -1.3057
  203.6667     0.7000     0.0000    22.2600 97347.5000     0.9590     0.0000     0.0010    -0.1396    -1.5537
  204.0000     0.7000     0.0000    22.3100 97347.5000     0.9570     0.0000     0.0010    -0.5024    -2.3366
  204.3333     0.7000     0.0000    22.3100 97347.5000     0.9620     0.0000     0.0010    -0.3474    -2.1845
  204.6667     0.7000     0.0000    22.3400 97347.5000     0.9620     0.0000     0.0010    -0.3178    -1.5855
  205.0000     0.7000     0.0000    22.8900 97347.5000     0.9360     0.0000     0.0010    -0.7226     0.8623
  205.3333     0.7000     0.0000    22.4000 97347.5000     0.9760     0.0000     0.0010    -0.7230    -1.5838
  205.6667     0.7000     0.0000    22.4000 97347.5000     0.9770     0.0000     0.0010    -0.8847    -0.7030
  206.0000     0.7000     0.0000    22.2500 97347.5000     0.9780     0.0000     0.0010    -0.8625    -1.2818
  206.3333     0.7000     0.0000    22.1800 97347.5000     0.9660     0.0000     0.0010    -1.3739     0.0145
  206.6667     0.7000     0.0000    22.0200 97347.5000     0.9680     0.0000     0.0010    -1.0201    -1.3972
  207.0000     0.7000     0.0000    22.3500 97347.5000     0.9670     0.0000     0.0010    -0.0983    -2.4100
  207.3333     0.7000     0.0000    22.0000 97347.5000     0.9720     0.0000     0.0010     0.0662    -2.5882
  207.6667     0.7000     0.0000    22.1900 97347.5000     0.9760     0.0000     0.0010    -1.1033    -1.5921
  208.0000     0.7000     0.0000    22.1000 97347.5000     0.9790     0.0000     0.0010    -0.8639    -1.2845
  208.3333     0.7000     0.0000    22.1100 97347.5000     0.9810     0.0000     0.0010     0.2022    -2.2369
  208.6667     0.7000     0.0000    21.8300 97347.5000     0.9790     0.0000     0.0010     0.0705    -2.4260
  209.0000     0.7000     0.0000    21.7400 97347.5000     0.9800     0.0000     0.0010     0.4161    -1.2041
  209.3333     0.7000     0.0000    21.7200 97347.5000     0.9800     0.0000     0.0010     0.0358    -1.7636
  209.6667     0.7000     0.0000    21.9700 97347.5000     0.9790     0.0000     0.0010     0.0320    -0.8084
  210.0000     0.7000     0.0000    21.9400 97347.5000     0.9810     0.0000     0.0010    -0.4461    -1.8531
  210.3333     0.7000     1.8055    22.0000 97347.5000     0.9780     0.0000     0.0010    -0.9288    -0.8602
  210.6667     0.7000     6.8124    21.8300 97347.5000     0.9810     0.0000     0.0010    -0.5448    -1.0275
  211.0000     0.7000    21.2967    22.0100 97347.5000     0.9800     0.0000     0.0010    -0.2825    -2.2886
  211.3333     0.7000    67.6108    22.1800 97347.5000     0.9770     0.0000     0.0010    -0.2483    -1.9553
  211.6667     0.7000    66.1942    22.6300 97347.5000     0.9670     0.0000     0.0010    -0.5110    -0.4146
  212.0000     0.7000    61.8988    22.8600 97347.5000     0.9400     0.0000     0.0010    -0.5692     0.2165
  212.3333     0.7000   243.4708    22.9100 97347.5000     0.9410     0.0000     0.0010    -0.6707    -0.9574
  212.6667     0.7000   272.7163    24.0100 97347.5000     0.9110     0.0000     0.0010    -0.4120     0.4713
  213.0000     0.7000    91.9796    24.3200 97347.5000     0.8390     0.0000     0.0010     0.9210     1.4002
  213.3333     0.7000   215.5167    24.7700 97347.5000     0.8070     0.0000     0.0010     0.0954     0.9502
  213.6667     0.7000   218.0367    24.9000 97347.5000     0.8310     0.0000     0.0010    -0.6087    -0.4699
  214.0000     0.7000   461.7504    25.6600 97347.5000     0.7682     0.0000     0.0010     0.0156     0.7248
  214.3333     0.7000   475.8015    25.5300 97347.5000     0.8040     0.0000     0.0010    -0.0738     0.0675
  214.6667     0.7000   524.4926    26.0700 97347.5000     0.7596     0.0000     0.0010     0.0408     0.2019
  215.0000     0.7000   558.1744    26.8600 97347.5000     0.7260     0.0000     0.0010     0.0804     0.1498
  215.3333     0.7000   591.6512    27.4500 97347.5000     0.6342     0.0000     0.0010    -0.1510     1.2731
  215.6667     0.7000   632.4920    29.0400 97347.5000     0.6221     0.0000     0.0010     1.2853     1.5245
  216.0000     0.7000   567.7392    28.8600 97347.5000     0.6257     0.0000     0.0010    -0.2730    -0.1572
  216.3333     0.7000   284.5242    27.5700 97347.5000     0.7063     0.0000     0.0010    -1.7823    -0.4064
  216.6667     0.7000   581.2800    28.9300 97347.5000     0.6350     0.0000     0.0010    -0.0180    -0.0143
  217.0000     0.7000   637.0805    29.0600 97347.5000     0.6434     0.0000     0.0010    -1.2319     0.6395
  217.3333     0.7000   645.7290    30.0900 97347.5000     0.6095     0.0000     0.0010     0.5912     0.9747
  217.6667     0.7000   437.1990    30.5900 97347.5000     0.5482     0.0000     0.0010     2.5427     0.8048
  218.0000     0.7000   652.3426    30.4100 97347.5000     0.5589     0.0000     0.0010    -0.5553     1.8912
  218.3333     0.7000   166.3508    28.8600 97347.5000     0.6440     0.0000     0.0010     0.9229     0.3207
  218.6667     0.7000    80.1255    28.0400 97347.5000     0.7625     0.0000     0.0010    -0.6529    -0.5628
  219.0000     0.7000    93.2480    26.9900 97347.5000     0.8270     0.0000     0.0010    -0.1860    -0.0909
  219.3333     0.7000   614.5720    28.0500 97347.5000     0.7361     0.0000     0.0010    -1.0812    -0.3181
  219.6667     0.7000   526.8725    28.9800 97347.5000     0.6911     0.0000     0.0010    -0.6853    -2.6622
  220.0000     0.7000   470.5109    29.2600 97347.5000     0.6569     0.0000     0.0010    -1.4459    -0.2358
  220.3333     0.7000   481.5832    29.3800 97347.5000     0.6419     0.0000     0.0010    -0.8158    -0.5835
  220.6667     0.7000   399.5958    29.5200 97347.5000     0.6051     0.0000     0.0010    -0.4364     1.0607
  221.0000     0.7000   340.5772    29.7700 97347.5000     0.5829     0.0000     0.0010    -0.7732    -0.1470
  221.3333     0.7000   292.9219    29.2100 97347.5000     0.6252     0.0000     0.0010    -0.8185     0.9328
  221.6667     0.7000   240.9515    29.6600 97347.5000     0.7198     0.0000     0.0010     0.0254    -1.2477
  222.0000     0.7000   213.1750    27.9700 97347.5000     0.7677     0.0000     0.0010    -0.4150    -1.1441
  222.3333     0.7000    30.4345    27.4500 97347.5000     0.7596     0.0000     0.0010     0.1602    -1.7386
  222.6667     0.7000    80.6135    26.8800 97347.5000     0.7824     0.0000     0.0010     0.1583    -0.9012
  223.0000     0.7000    28.9898    26.1100 97347.5000     0.8140     0.0000     0.0010    -0.6650    -1.3735
  223.3333     0.7000    28.1858    25.2000 97347.5000     0.8420     0.0000     0.0010    -0.2917    -1.4958
  223.6667     0.7000    13.5064    24.8800 97347.5000     0.8800     0.0000     0.0010     0.0783    -1.2926
  224.0000     0.7000     0.0000    24.5700 97347.5000     0.9110     0.0000     0.0010    -0.6052    -0.5983
  224.3333     0.7000     0.0000    23.9800 97347.5000     0.9260     0.0000     0.0010    -0.5132    -1.8335
  224.6667     0.7000     0.0000    23.7500 97347.5000     0.9400     0.0000     0.0010     0.4736    -1.2898
  225.0000     0.7000     0.0000    23.6300 97347.5000     0.9540     0.0000     0.0010    -0.3276    -2.1573
  225.3333     0.7000     0.0000    23.5800 97347.5000     0.9550     0.0000     0.0010    -0.0571    -1.6050
  225.6667     0.7000     0.0000    23.4700 97347.5000     0.9570     0.0000     0.0010    -0.1017    -1.8562
  226.0000     0.7000     0.0000    23.2700 97347.5000     0.9580     0.0000     0.0010    -0.9152    -2.1013
  226.3333     0.7000     0.0000    23.1500 97347.5000     0.9580     0.0000     0.0010     0.1109    -1.4528
  226.6667     0.7000     0.0000    22.8500 97347.5000     0.9540     0.0000     0.0010     0.0894    -2.2622
  227.0000     0.7000     0.0000    22.6600 97347.5000     0.9550     0.0000     0.0010    -0.3927    -2.0518
  227.3333     0.7000     0.0000    22.6300 97347.5000     0.9670     0.0000     0.0010    -0.0136    -1.2279
  227.6667     0.7000     0.0000    22.4600 97347.5000     0.9640     0.0000     0.0010    -0.1070    -1.2645
  228.0000     0.7000     0.0000    22.4200 97347.5000     0.9700     0.0000     0.0010    -0.0777    -1.5150
  228.3333     0.7000     0.0000    22.1000 97347.5000     0.9670     0.0000     0.0010    -0.6391    -0.4761
  228.6667     0.7000     0.0000    22.2400 97347.5000     0.9740     0.0000     0.0010     0.4958    -0.9830
  229.0000     0.7000     0.0000    22.4200 97347.5000     0.9780     0.0000     0.0010    -0.8580    -1.7800
  229.3333     0.7000     0.0000    22.2500 97347.5000     0.9780     0.0000     0.0010    -0.7966    -2.1726
  229.6667     0.7000     0.0000    22.0700 97347.5000     0.9790     0.0000     0.0010    -0.7470    -1.0010
  230.0000     0.7000     0.0000    22.0100 97347.5000     0.9810     0.0000     0.0010     0.0120     0.0403
  230.3333     0.7000     0.0000    22.3300 97347.5000     0.9800     0.0000     0.0010    -0.0763    -0.9409
  230.6667     0.7000     0.0000    22.0700 97347.5000     0.9800     0.0000     0.0010    -0.1997    -2.2662
  231.0000     0.7000     0.0000    22.2800 97347.5000     0.9830     0.0000     0.0010    -0.4662    -1.1695
  231.3333     0.7000     0.0000    22.1000 97347.5000     0.9830     0.0000     0.0010    -0.0709    -1.6675
  231.6667     0.7000     0.0000    22.1900 97347.5000     0.9810     0.0000     0.0010    -0.2784    -1.4016
  232.0000     0.7000     0.0000    22.0600 97347.5000     0.9820     0.0000     0.0010    -0.3881    -1.1313
  232.3333     0.7000     0.0000    22.5000 97347.5000     0.9600     0.0000     0.0010    -0.8132    -0.2766
  232.6667     0.7000     0.0000    23.6500 97347.5000     0.8760     0.0000     0.0010    -1.4477    -0.2823
  233.0000     0.7000     0.0000    23.0600 97347.5000     0.9020     0.0000     0.0010    -1.1328    -0.2762
  233.3333     0.7000     0.0000    22.9600 97347.5000     0.8950     0.0000     0.0010    -0.7939    -1.9323
  233.6667     0.7000     0.0000    23.6100 97347.5000     0.8450     0.0000     0.0010    -1.8028    -0.4197
  234.0000     0.7000     0.0000    23.7300 97347.5000     0.8350     0.0000     0.0010    -1.1230    -2.5660
  234.3333     0.7000     2.5601    22.8600 97347.5000     0.8850     0.0000     0.0010    -1.1077    -0.8180
  234.6667     0.7000     9.7216    23.1600 97347.5000     0.8680     0.0000     0.0010    -0.6836    -0.8935
  235.0000     0.7000    20.2181    23.0400 97347.5000     0.8930     0.0000     0.0010     0.0861     0.0618
  235.3333     0.7000    52.7171    22.9400 97347.5000     0.8940     0.0000     0.0010     0.0000     0.0000
  235.6667     0.7000    74.5437    23.3800 97347.5000     0.8840     0.0000     0.0010    -0.2821    -0.3846
  236.0000     0.7000    67.6563    24.0800 97347.5000     0.8240     0.0000     0.0010     0.8711     0.7945
  236.3333     0.7000   153.3539    24.4700 97347.5000     0.8520     0.0000     0.0010    -0.9149    -1.2648
  236.6667     0.7000   119.6986    24.8700 97347.5000     0.7751     0.0000     0.0010    -2.9626     0.0474
  237.0000     0.7000   124.7705    24.5700 97347.5000     0.8050     0.0000     0.0010    -3.0154    -1.1771
  237.3333     0.7000   127.1003    24.6600 97347.5000     0.8090     0.0000     0.0010    -1.1265    -2.0977
  237.6667     0.7000   243.0361    25.2400 97347.5000     0.7875     0.0000     0.0010    -1.7342    -2.3294
  238.0000     0.7000   268.2823    25.7600 97347.5000     0.7674     0.0000     0.0010    -0.5961    -2.7256
  238.3333     0.7000   531.8313    26.5500 97347.5000     0.7418     0.0000     0.0010    -1.3308    -1.6206
  238.6667     0.7000   565.4796    27.8800 97347.5000     0.6792     0.0000     0.0010    -0.0477    -0.6763
  239.0000     0.7000   551.7876    27.8300 97347.5000     0.6474     0.0000     0.0010    -1.1788     0.1109
  239.3333     0.7000   597.7286    28.0500 97347.5000     0.6540     0.0000     0.0010    -1.3980    -0.3283
  239.6667     0.7000   154.7123    29.0700 97347.5000     0.6486     0.0000     0.0010     1.3619     0.0182
  240.0000     0.7000   302.5624    28.3100 97347.5000     0.6663     0.0000     0.0010    -1.1650     0.1364
  240.3333     0.7000   183.5721    28.5600 97347.5000     0.6279     0.0000     0.0010    -1.4685     1.0182
  240.6667     0.7000   689.3271    29.1400 97347.5000     0.6215     0.0000     0.0010    -0.1118    -0.2269
  241.0000     0.7000   534.4231    30.2100 97347.5000     0.5964     0.0000     0.0010     0.9460     1.6834
  241.3333     0.7000   714.2100    30.4100 97347.5000     0.6136     0.0000     0.0010     0.9020     1.0812
  241.6667     0.7000   466.7223    30.1900 97347.5000     0.5796     0.0000     0.0010     0.3646     1.3206
  242.0000     0.7000   691.7827    30.4300 97347.5000     0.5670     0.0000     0.0010    -0.4114    -0.9356
  242.3333     0.7000   252.2806    29.2100 97347.5000     0.6544     0.0000     0.0010    -0.0657    -0.8665
  242.6667     0.7000   613.2560    29.6200 97347.5000     0.6443     0.0000     0.0010    -1.6352    -0.7991
  243.0000     0.7000   119.5488    29.5700 97347.5000     0.6512     0.0000     0.0010     0.0141    -0.0075
  243.3333     0.7000   248.0537    29.8200 97347.5000     0.6582     0.0000     0.0010     0.5930     1.0639
  243.6667     0.7000   515.1328    30.2600 97347.5000     0.6424     0.0000     0.0010     1.5870     0.6368
  244.0000     0.7000   229.8394    29.9300 97347.5000     0.6729     0.0000     0.0010     0.7292     0.0749
  244.3333     0.7000   128.0106    29.6700 97347.5000     0.6942     0.0000     0.0010    -0.3967    -0.5634
  244.6667     0.7000    88.6194    28.8800 97347.5000     0.7273     0.0000     0.0010     0.2026     0.2516
  245.0000     0.7000   179.0985    28.8500 97347.5000     0.7737     0.0000     0.0010     0.0643    -0.4908
  245.3333     0.7000    39.6014    27.0900 97347.5000     0.8200     0.0000     0.0010    -0.1927    -2.0249
  245.6667     0.7000    33.8753    23.4200 97347.5000     0.9620     0.0000     0.0010    -2.1835     0.2139
  246.0000     0.7000    22.1431    23.6400 97347.5000     0.9800     0.0000     0.0010    -0.6833    -1.5249
  246.3333     0.7000    29.2852    23.2700 97347.5000     0.9680     0.0000     0.0010     1.6927     2.7157
  246.6667     0.7000    17.2730    23.6700 97347.5000     0.9660     0.0000     0.0010     1.3970     0.7230
  247.0000     0.7000    77.0755    23.4400 97347.5000     0.9640     0.0000     0.0010     0.5503     0.6596
  247.3333     0.7000    45.5808    23.5100 97347.5000     0.9690     0.0000     0.0010    -0.2071    -1.3168
  247.6667     0.7000    25.2382    23.4900 97347.5000     0.9780     0.0000     0.0010    -0.0523    -1.6322
  248.0000     0.7000     1.0066    23.3300 97347.5000     0.9870     0.0000     0.0010    -0.6808    -1.6327
  248.3333     0.7000     0.0000    23.3000 97347.5000     0.9860     0.0000     0.0010    -0.6971    -1.0364
  248.6667     0.7000     0.0000    23.1800 97347.5000     0.9890     0.0000     0.0010    -0.3565    -0.7529
  249.0000     0.7000     0.0000    23.2700 97347.5000     0.9860     0.0000     0.0010    -0.6097    -2.6333
  249.3333     0.7000     0.0000    23.2100 97347.5000     0.9850     0.0000     0.0010     0.1301    -2.5116
  249.6667     0.7000     0.0000    23.1500 97347.5000     0.9830     0.0000     0.0010    -0.1855    -2.2393
  250.0000     0.7000     0.0000    23.1300 97347.5000     0.9850     0.0000     0.0010    -0.1759    -2.6241
  250.3333     0.7000     0.0000    23.0700 97347.5000     0.9850     0.0000     0.0010    -0.8800    -1.6319
  250.6667     0.7000     0.0000    23.2000 97347.5000     0.9880     0.0000     0.0010     0.5858    -0.0167
  251.0000     0.7000     0.0000    22.9700 97347.5000     0.9880     0.0000     0.0010    -0.2619    -0.0401
  251.3333     0.7000     0.0000    22.9800 97347.5000     0.9880     0.0000     0.0010     0.0026    -0.1420
  251.6667     0.7000     0.0000    22.7200 97347.5000     0.9800     0.0000     0.0010     0.5437     0.1711
  252.0000     0.7000     0.0000    22.9800 97347.5000     0.9850     0.0000     0.0010    -0.6487    -0.8358
  252.3333     0.7000     0.0000    22.7500 97347.5000     0.9820     0.0000     0.0010    -0.0000     0.0000
  252.6667     0.7000     0.0000    22.9700 97347.5000     0.9860     0.0000     0.0010    -0.0270    -1.4958
  253.0000     0.7000     0.0000    22.9200 97347.5000     0.9850     0.0000     0.0010    -0.8926     0.0274
  253.3333     0.7000     0.0000    22.8100 97347.5000     0.9850     0.0000     0.0010    -0.0381    -0.0258
  253.6667     0.7000     0.0000    23.3500 97347.5000     0.9940     0.0000     0.0010    -1.0933    -0.3335
  254.0000     0.7000     0.0000    23.2800 97347.5000     0.9960     0.0000     0.0010    -0.0313    -1.0956
  254.3333     0.7000     0.0000    22.8400 97347.5000     0.9960     0.0000     0.0010    -1.0891    -1.6175
  254.6667     0.7000     0.0000    22.9300 97347.5000     0.9900     0.0000     0.0010     0.3629    -1.4173
  255.0000     0.7000     0.0000    23.0800 97347.5000     0.9960     0.0000     0.0010     0.1630    -1.2272
  255.3333     0.7000     0.0000    22.5000 97347.5000     0.9920     0.0000     0.0010    -0.6945    -1.2933
  255.6667     0.7000     0.0000    22.9300 97347.5000     0.9950     0.0000     0.0010     0.4307    -1.6342
  256.0000     0.7000     0.0000    22.9800 97347.5000     0.9740     0.0000     0.0010    -2.0056    -1.2814
  256.3333     0.7000     0.0000    22.9500 97347.5000     0.9710     0.0000     0.0010    -1.3524    -1.0659
  256.6667     0.7000     0.0000    23.0700 97347.5000     0.9060     0.0000     0.0010    -2.8234    -1.8925
  257.0000     0.7000     0.0000    23.3600 97347.5000     0.9250     0.0000     0.0010    -2.8765    -2.4261
  257.3333     0.7000     0.0000    22.9400 97347.5000     0.9590     0.0000     0.0010    -2.2960    -1.9772
  257.6667     0.7000     0.0000    22.3000 97347.5000     0.9830     0.0000     0.0010    -1.6544    -2.4436
  258.0000     0.7000     0.0000    22.5900 97347.5000     0.9870     0.0000     0.0010    -1.5415    -3.5225
  258.3333     0.7000     4.8460    23.0200 97347.5000     0.9470     0.0000     0.0010    -0.8627    -3.1676
  258.6667     0.7000    12.4130    23.0900 97347.5000     0.9230     0.0000     0.0010     0.5835    -3.2876
  259.0000     0.7000    19.8916    23.3700 97347.5000     0.9290     0.0000     0.0010    -1.6637    -1.0810
  259.3333     0.7000    27.6258    22.9700 97347.5000     0.9420     0.0000     0.0010    -0.9723    -1.0743
  259.6667     0.7000    34.2142    22.7400 97347.5000     0.9600     0.0000     0.0010    -1.4394    -0.6613
  260.0000     0.7000    36.0381    22.8800 97347.5000     0.9590     0.0000     0.0010    -0.8341    -0.4291
  260.3333     0.7000   249.0264    23.4700 97347.5000     0.9350     0.0000     0.0010    -1.3347    -1.5534
  260.6667     0.7000   268.6543    24.2600 97347.5000     0.8300     0.0000     0.0010    -1.6844    -0.2645
  261.0000     0.7000    26.4264    24.8300 97347.5000     0.8550     0.0000     0.0010    -0.9912    -0.8458
  261.3333     0.7000    45.6884    25.1100 97347.5000     0.7889     0.0000     0.0010    -0.3219    -0.8458
  261.6667     0.7000   402.8170    25.7300 97347.5000     0.7788     0.0000     0.0010    -0.8939     0.8795
  262.0000     0.7000   464.3648    26.3900 97347.5000     0.7416     0.0000     0.0010     0.5401    -2.0066
  262.3333     0.7000   461.7201    26.4300 97347.5000     0.7053     0.0000     0.0010    -0.9524    -0.2701
  262.6667     0.7000   501.5039    26.5200 97347.5000     0.7447     0.0000     0.0010    -0.2088    -1.7677
  263.0000     0.7000   563.2697    26.9000 97347.5000     0.6704     0.0000     0.0010    -0.6581    -2.3672
  263.3333     0.7000   549.9760    27.2700 97347.5000     0.6459     0.0000     0.0010     0.0070    -1.1060
  263.6667     0.7000   573.7921    28.1200 97347.5000     0.6616     0.0000     0.0010    -0.2007    -1.1456
  264.0000     0.7000   578.9784    27.7200 97347.5000     0.6408     0.0000     0.0010    -0.8419    -0.9348
  264.3333     0.7000   495.7756    27.7100 97347.5000     0.6556     0.0000     0.0010    -0.7185    -0.8877
  264.6667     0.7000   199.0833    28.8400 97347.5000     0.6546     0.0000     0.0010    -0.8611    -1.6802
  265.0000     0.7000   616.3332    30.0500 97347.5000     0.6328     0.0000     0.0010    -0.1980    -0.8759
  265.3333     0.7000   657.1152    29.3500 97347.5000     0.5967     0.0000     0.0010    -1.2424    -1.5991
  265.6667     0.7000   601.0571    29.9100 97347.5000     0.5299     0.0000     0.0010    -1.6495    -0.0399
  266.0000     0.7000   520.5942    30.3000 97347.5000     0.5711     0.0000     0.0010    -1.3354    -0.0977
  266.3333     0.7000   430.5808    29.8100 97347.5000     0.5783     0.0000     0.0010    -0.9876    -3.1446
  266.6667     0.7000   543.5871    29.7000 97347.5000     0.6120     0.0000     0.0010    -0.3479    -0.6701
  267.0000     0.7000   435.8511    27.6500 97347.5000     0.7195     0.0000     0.0010     0.0355    -0.4085
  267.3333     0.7000   354.0306    31.0700 97347.5000     0.5863     0.0000     0.0010     0.0619     0.4810
  267.6667     0.7000   218.1315    30.6700 97347.5000     0.6085     0.0000     0.0010     0.1376     0.1438
  268.0000     0.7000   166.7683    28.5800 97347.5000     0.7626     0.0000     0.0010    -0.8346    -0.9836
  268.3333     0.7000    46.8221    27.5300 97347.5000     0.8070     0.0000     0.0010    -0.9435    -1.0425
  268.6667     0.7000    13.2089    24.6700 97347.5000     0.8650     0.0000     0.0010     1.3849    -1.8137
  269.0000     0.7000   173.9832    23.8800 97347.5000     0.9340     0.0000     0.0010     0.6465    -1.5712
  269.3333     0.7000   201.0421    24.4300 97347.5000     0.8970     0.0000     0.0010     0.0541    -2.1163
  269.6667     0.7000   283.9169    24.5600 97347.5000     0.9130     0.0000     0.0010     0.8828     0.5089
  270.0000     0.7000   243.2830    25.2500 97347.5000     0.9080     0.0000     0.0010    -0.0538    -0.8703
  270.3333     0.7000    89.7109    24.5200 97347.5000     0.9420     0.0000     0.0010    -0.1958    -1.0133
  270.6667     0.7000    52.2886    24.3100 97347.5000     0.9490     0.0000     0.0010    -0.0273    -0.2092
  271.0000     0.7000    14.2641    24.3900 97347.5000     0.9480     0.0000     0.0010     0.8354     0.2501
  271.3333     0.7000     9.0785    24.3900 97347.5000     0.9620     0.0000     0.0010    -0.1855    -0.2508
  271.6667     0.7000    14.4378    23.3100 97347.5000     0.9450     0.0000     0.0010    -1.1034    -0.0357
  272.0000     0.7000     6.1950    23.1700 97347.5000     0.9500     0.0000     0.0010    -0.9550    -0.0001
  272.3333     0.7000     0.0000    22.9500 97347.5000     0.9700     0.0000     0.0010    -0.5032    -0.9860
  272.6667     0.7000     0.0000    23.1000 97347.5000     0.9750     0.0000     0.0010    -0.3664    -0.0642
  273.0000     0.7000     0.0000    23.0300 97347.5000     0.9780     0.0000     0.0010    -0.5266    -0.4110
  273.3333     0.7000     0.0000    22.5200 97347.5000     0.9760     0.0000     0.0010    -0.5115    -0.0989
  273.6667     0.7000     0.0000    22.3000 97347.5000     0.9760     0.0000     0.0010    -1.2170    -0.7772
  274.0000     0.7000     0.0000    22.7400 97347.5000     0.9790     0.0000     0.0010    -0.6346    -0.9434
  274.3333     0.7000     0.0000    22.4900 97347.5000     0.9760     0.0000     0.0010    -0.4742    -1.6075
  274.6667     0.7000     0.0000    22.5600 97347.5000     0.9720     0.0000     0.0010    -0.4215    -1.7242
  275.0000     0.7000     0.0000    22.5200 97347.5000     0.9680     0.0000     0.0010    -0.8185    -0.9289
  275.3333     0.7000     0.0000    22.5200 97347.5000     0.9710     0.0000     0.0010    -0.1657    -1.1592
  275.6667     0.7000     0.0000    22.7200 97347.5000     0.9740     0.0000     0.0010    -0.7008    -1.0303
  276.0000     0.7000     0.0000    22.4700 97347.5000     0.9720     0.0000     0.0010     0.2413    -1.1898
  276.3333     0.7000     0.0000    22.5900 97347.5000     0.9740     0.0000     0.0010     0.2799    -1.1875
  276.6667     0.7000     0.0000    22.6800 97347.5000     0.9760     0.0000     0.0010    -1.0336    -1.4319
  277.0000     0.7000     0.0000    22.7000 97347.5000     0.9770     0.0000     0.0010     0.0716    -1.9877
  277.3333     0.7000     0.0000    22.6100 97347.5000     0.9730     0.0000     0.0010    -0.1812    -2.1414
  277.6667     0.7000     0.0000    22.6400 97347.5000     0.9700     0.0000     0.0010     0.4138    -1.1147
  278.0000     0.7000     0.0000    22.9700 97347.5000     0.9660     0.0000     0.0010     0.1579    -0.5049
  278.3333     0.7000     0.0000    22.7000 97347.5000     0.9700     0.0000     0.0010     0.0135    -1.6659
  278.6667     0.7000     0.0000    22.8900 97347.5000     0.9700     0.0000     0.0010    -0.8629    -2.0899
  279.0000     0.7000     0.0000    22.7500 97347.5000     0.9700     0.0000     0.0010    -0.1900    -1.5847
  279.3333     0.7000     0.0000    22.8100 97347.5000     0.9780     0.0000     0.0010    -1.0833    -2.1506
  279.6667     0.7000     0.0000    22.7600 97347.5000     0.9780     0.0000     0.0010    -0.8237    -2.8472
  280.0000     0.7000     0.0000    22.7000 97347.5000     0.9730     0.0000     0.0010    -0.7822    -2.7395
  280.3333     0.7000     0.0000    22.5300 97347.5000     0.9730     0.0000     0.0010    -1.2694    -2.9853
  280.6667     0.7000     0.0000    22.3300 97347.5000     0.9680     0.0000     0.0010    -1.1624    -2.8576
  281.0000     0.7000     0.0000    22.0800 97347.5000     0.9680     0.0000     0.0010    -1.1806    -2.7764
  281.3333     0.7000     0.0000    22.3500 97347.5000     0.9740     0.0000     0.0010    -1.1423    -3.2374
  281.6667     0.7000     0.0000    22.5100 97347.5000     0.9770     0.0000     0.0010    -1.2302    -2.8792
  282.0000     0.7000     0.0000    22.6600 97347.5000     0.9800     0.0000     0.0010    -0.7606    -3.2338
  282.3333     0.7000     7.4742    22.5500 97347.5000     0.9830     0.0000     0.0010    -0.6826    -2.7104
  282.6667     0.7000    19.4960    22.7400 97347.5000     0.9810     0.0000     0.0010    -1.0055    -1.4954
  283.0000     0.7000    27.6177    22.9100 97347.5000     0.9560     0.0000     0.0010    -0.8305    -2.2528
  283.3333     0.7000    44.1916    23.1000 97347.5000     0.9550     0.0000     0.0010    -0.2094    -3.3895
  283.6667     0.7000    65.0563    23.1200 97347.5000     0.9240     0.0000     0.0010    -1.1109    -1.3972
  284.0000     0.7000    78.4770    23.7500 97347.5000     0.9280     0.0000     0.0010    -0.6318    -1.5610
  284.3333     0.7000   165.7948    24.2900 97347.5000     0.8750     0.0000     0.0010    -0.7390    -1.3704
  284.6667     0.7000   135.9266    24.6000 97347.5000     0.8930     0.0000     0.0010    -0.1817    -0.2499
  285.0000     0.7000   144.1807    24.6400 97347.5000     0.8810     0.0000     0.0010    -0.7084    -0.2966
  285.3333     0.7000    73.5391    24.5100 97347.5000     0.8500     0.0000     0.0010    -0.8926    -1.2377
  285.6667     0.7000    53.3663    24.0900 97347.5000     0.8980     0.0000     0.0010    -0.7630    -0.8537
  286.0000     0.7000    47.5773    23.8200 97347.5000     0.9220     0.0000     0.0010    -0.7868    -0.8834
  286.3333     0.7000   106.0409    24.0900 97347.5000     0.9100     0.0000     0.0010    -0.7529    -0.8825
  286.6667     0.7000   149.1686    24.0600 97347.5000     0.8750     0.0000     0.0010    -0.2698    -0.2885
  287.0000     0.7000   200.3817    25.2900 97347.5000     0.8700     0.0000     0.0010     0.6910     0.7692
  287.3333     0.7000   186.0169    25.6000 97347.5000     0.8140     0.0000     0.0010     0.2217     0.3962
  287.6667     0.7000   283.5189    25.8200 97347.5000     0.7980     0.0000     0.0010     1.0760     1.4629
  288.0000     0.7000   495.0561    26.3700 97347.5000     0.7578     0.0000     0.0010    -0.4655    -0.3149
  288.3333     0.7000   358.7171    26.0400 97347.5000     0.7427     0.0000     0.0010    -0.1075    -0.8835
  288.6667     0.7000   255.5616    26.2700 97347.5000     0.7602     0.0000     0.0010     0.2400    -0.5477
  289.0000     0.7000   176.5414    25.7900 97347.5000     0.7864     0.0000     0.0010     0.2947     0.9052
  289.3333     0.7000   255.0878    26.1400 97347.5000     0.7750     0.0000     0.0010     1.1320     0.0824
  289.6667     0.7000   336.5543    26.1500 97347.5000     0.7800     0.0000     0.0010     0.7383     1.0037
  290.0000     0.7000   625.7790    26.6700 97347.5000     0.7302     0.0000     0.0010    -0.8576     0.8149
  290.3333     0.7000   664.0158    27.9500 97347.5000     0.7240     0.0000     0.0010    -0.2101    -0.4603
  290.6667     0.7000   223.3601    27.3500 97347.5000     0.7095     0.0000     0.0010     0.4555     0.0372
  291.0000     0.7000   286.6150    28.0800 97347.5000     0.6853     0.0000     0.0010     1.2043     0.7197
  291.3333     0.7000   214.3921    27.9100 97347.5000     0.6788     0.0000     0.0010     1.7568     1.6248
  291.6667     0.7000   219.9889    27.8000 97347.5000     0.6845     0.0000     0.0010     0.5063    -0.9073
  292.0000     0.7000   172.3366    27.3400 97347.5000     0.7292     0.0000     0.0010     0.6231     0.9331
  292.3333     0.7000   176.3878    27.2500 97347.5000     0.7520     0.0000     0.0010     0.2489    -0.3507
  292.6667     0.7000   178.3802    27.3000 97347.5000     0.7252     0.0000     0.0010     1.3071    -0.2906
  293.0000     0.7000   316.8134    27.1800 97347.5000     0.7595     0.0000     0.0010     0.2072    -0.9374
  293.3333     0.7000   134.0816    26.9200 97347.5000     0.7888     0.0000     0.0010    -0.0630    -1.0501
  293.6667     0.7000   200.9746    27.6100 97347.5000     0.7188     0.0000     0.0010     0.2171    -0.5465
  294.0000     0.7000   248.2073    28.0500 97347.5000     0.6720     0.0000     0.0010     0.4726     0.3379
  294.3333     0.7000    73.5109    27.4300 97347.5000     0.7024     0.0000     0.0010     1.4144     0.3412
  294.6667     0.7000    60.5972    26.5900 97347.5000     0.7046     0.0000     0.0010    -0.0460     1.0690
  295.0000     0.7000     9.5943    26.2200 97347.5000     0.7206     0.0000     0.0010     0.1645     0.4392
  295.3333     0.7000     5.4323    26.2600 97347.5000     0.7335     0.0000     0.0010    -0.3433    -2.7043
  295.6667     0.7000     0.0000    25.9300 97347.5000     0.7746     0.0000     0.0010    -0.2384    -0.7637
  296.0000     0.7000     0.0000    24.4500 97347.5000     0.8090     0.0000     0.0010    -0.7034    -1.8101
  296.3333     0.7000     0.0000    23.9600 97347.5000     0.8560     0.0000     0.0010    -0.0696    -2.4360
  296.6667     0.7000     0.0000    23.6700 97347.5000     0.8980     0.0000     0.0010    -0.0373    -1.2294
  297.0000     0.7000     0.0000    23.8900 97347.5000     0.8930     0.0000     0.0010     0.0817     0.0675
  297.3333     0.7000     0.0000    24.4100 97347.5000     0.7446     0.0000     0.0010    -0.6988    -2.8372
  297.6667     0.7000     0.0000    24.4200 97347.5000     0.7894     0.0000     0.0010     0.5469     0.0475
  298.0000     0.7000     0.0000    24.0600 97347.5000     0.8240     0.0000     0.0010     0.7072    -0.3719
  298.3333     0.7000     0.0000    23.5600 97347.5000     0.8630     0.0000     0.0010     0.8674     0.7911
  298.6667     0.7000     0.0000    23.2000 97347.5000     0.9020     0.0000     0.0010     0.4474     1.2610
  299.0000     0.7000     0.0000    22.9100 97347.5000     0.9260     0.0000     0.0010     0.1874    -0.1368
  299.3333     0.7000     0.0000    22.4000 97347.5000     0.9450     0.0000     0.0010     0.4686     1.3659
